Dataset_name: 115rat575_T100_p1_v2
Vehicles: 8
Routes
Route_0: 0,93,117,140,163,187,234,257,258,281,280,304,327,350,373,374,396,397,398,421,422,444,445,467,490,468,469,493,492,515,491,513,514,537,538,561,560,558,559,535,536,512,511,488,510,487,489,465,466,442,443,419,420,395,394,371,372,349,326,303,279,256,233,210,186,0 (1179)
Route_1: 0,3,4,29,30,31,32,10,33,34,35,36,37,60,61,62,63,64,65,89,88,87,111,112,90,113,137,114,91,68,67,66,43,44,45,22,21,20,19,42,18,41,17,40,39,15,38,14,13,12,11,9,8,7,6,5,2,1,0 (787)
Route_2: 0,75,99,100,124,147,171,195,196,220,244,268,267,291,292,314,315,316,338,337,339,340,364,363,362,385,386,409,387,410,411,388,412,390,389,366,367,365,341,342,318,319,343,344,321,320,297,298,275,274,251,250,273,272,296,295,317,294,293,269,270,246,245,222,221,199,198,197,175,174,173,172,149,148,126,125,102,101,77,76,49,0 (1193)
Route_3: 0,47,71,119,143,144,167,191,192,215,238,239,263,262,286,309,356,380,381,406,429,454,453,476,477,499,522,500,501,523,547,546,569,570,568,567,544,545,521,520,497,498,474,475,452,451,450,426,427,428,405,404,403,379,378,355,332,331,308,285,261,237,214,190,166,118,95,0 (1190)
Route_4: 0,48,72,96,120,121,168,169,193,216,217,240,241,264,288,287,310,311,333,334,357,358,359,382,383,407,430,431,455,456,478,479,480,504,503,502,525,524,548,549,526,527,528,505,482,481,458,457,433,432,408,384,360,361,336,335,312,313,290,289,265,266,243,242,219,218,194,170,145,146,123,122,98,97,74,73,50,24,0 (1193)
Route_5: 0,25,28,52,54,55,56,57,58,59,81,82,83,84,85,86,109,108,106,107,130,131,132,133,110,134,135,157,158,136,160,159,182,183,206,205,228,204,203,180,181,156,179,178,202,201,225,226,249,271,247,248,224,223,200,176,177,155,154,153,152,151,150,127,129,128,104,105,103,80,79,78,53,51,27,26,0 (1044)
Route_6: 0,23,70,94,141,164,188,211,212,235,259,282,305,306,329,328,352,351,375,376,399,400,424,423,446,447,470,471,494,517,540,516,539,562,563,564,541,542,543,519,518,495,496,473,472,449,448,425,401,402,377,353,354,330,307,284,283,260,236,213,189,165,142,0 (1118)
Route_7: 0,92,116,139,162,185,208,209,232,231,255,278,302,325,348,347,346,370,369,392,393,417,418,440,441,464,463,485,461,462,439,438,437,414,416,415,391,368,345,322,323,324,301,277,276,254,253,230,207,161,138,115,69,46,0 (964)
Profit: 0
Time: 1800.5560506

Total distance: 8668
Unserved customers:  (0)
Arguments: VRP LS 30 0 0
