Dataset_name: 115u574_T80_p2_v2
Vehicles: 8
Routes
Route_0: 0,37,35,29,25,24,164,166,165,212,213,210,209,183,182,283,282,281,306,307,308,300,299,310,309,311,312,313,314,315,316,318,317,319,320,321,322,323,324,325,327,270,271,272,273,274,275,276,278,279,187,186,185,184,208,231,232,211,214,215,216,23,22,26,30,33,34,0 (6675)
Route_1: 0,568,567,566,565,564,563,548,541,537,536,534,512,513,476,477,478,479,471,472,470,469,466,468,467,456,458,457,448,400,418,419,417,416,424,425,426,427,423,422,421,420,445,447,449,455,450,451,454,453,484,483,482,481,480,506,505,507,508,509,511,510,533,538,539,540,542,569,0 (6670)
Route_2: 0,556,555,554,13,244,245,246,201,247,251,253,254,255,394,393,404,409,410,358,359,352,353,354,355,357,356,411,412,413,414,415,403,402,401,399,398,397,396,395,460,459,462,465,474,475,473,514,515,516,517,518,532,535,543,547,559,560,0 (6671)
Route_3: 0,45,79,80,81,84,109,108,107,106,105,104,101,102,103,94,158,157,156,146,147,148,149,151,150,290,289,288,291,287,292,286,285,293,294,295,296,297,298,301,302,303,305,304,181,180,179,178,177,176,175,174,173,172,171,170,169,168,167,152,153,154,163,162,155,159,161,160,93,92,91,90,27,28,89,88,87,86,36,38,39,40,41,42,43,44,0 (6595)
Route_4: 0,1,8,9,10,32,31,18,21,218,217,230,233,207,188,277,262,263,264,388,387,386,378,379,372,373,344,345,346,368,367,366,374,377,380,384,385,389,261,190,189,194,195,206,237,238,236,234,235,227,228,229,20,17,19,7,4,2,0 (6644)
Route_5: 0,561,558,551,550,549,546,544,531,526,525,243,202,200,248,249,250,252,257,256,391,392,405,408,407,406,360,361,362,363,351,350,347,348,349,365,364,375,376,381,382,383,390,260,259,258,191,192,193,196,197,198,199,203,204,205,239,240,225,226,219,16,6,0 (6675)
Route_6: 0,46,53,54,55,78,77,76,73,114,115,116,117,113,112,119,120,121,118,122,97,96,98,100,99,95,138,137,132,130,131,123,124,125,69,70,68,67,66,65,64,63,62,71,72,74,75,59,58,56,52,51,50,49,48,47,570,571,572,573,0 (4502)
Route_7: 0,3,5,557,14,15,221,220,222,223,224,524,527,530,529,528,545,552,553,562,0 (3046)
Profit: 0
Time: 1810.7510758

Total distance: 47478
Unserved customers:  (0)
Arguments: VRP LS 30 0 0
