Dataset_name: 131p654_T80_p2_v4
Vehicles: 5
Routes
Route_0: 0,490,491,492,493,494,495,496,497,498,499,500,501,502,503,504,106,110,114,118,122,126,130,134,138,142,146,150,154,158,162,166,170,174,178,182,186,190,194,198,199,195,191,187,183,179,175,171,167,163,159,155,151,147,143,139,135,131,127,123,119,115,111,107,525,524,523,522,521,520,532,548,0 (3188)
Route_1: 0,93,90,88,84,82,77,74,79,83,0 (5486)
Route_2: 0,533,534,535,536,537,538,539,108,112,116,120,124,128,132,136,140,144,148,152,156,160,164,168,172,176,180,184,188,192,196,200,98,97,96,95,91,85,81,89,92,100,99,101,201,197,193,189,185,181,177,173,169,165,161,157,153,149,145,141,137,133,129,125,121,117,113,109,559,558,557,556,555,554,553,552,551,550,549,0 (5486)
Route_3: 0,3,5,6,4,2,1,0 (5466)
Route_4: 0,87,78,75,76,80,86,94,0 (5486)
Profit: 0
Time: 1800.3105654

Total distance: 25112
Unserved customers:  (0)
Arguments: VRP LS 30 0 0
