Dataset_name: 145u724_T100_p1_v4
Vehicles: 13
Routes
Route_0: 0,90,41,48,670,672,611,631,155,162,176,178,179,181,529,533,202,236,237,238,239,234,241,205,199,180,182,177,175,173,142,163,154,630,610,612,654,673,682,79,40,98,17,13,0 (4238)
Route_1: 0,693,24,37,644,642,150,148,145,602,128,280,274,275,279,282,283,603,146,135,149,641,645,675,685,44,0 (4308)
Route_2: 0,12,679,661,622,153,164,165,590,562,560,548,535,534,532,531,538,244,245,218,190,561,595,174,172,143,160,609,629,658,677,80,39,91,25,0 (4265)
Route_3: 0,712,711,710,701,9,8,709,700,708,719,699,16,14,5,717,706,707,718,7,6,716,715,705,713,704,4,3,2,0 (3151)
Route_4: 0,11,26,684,681,674,655,627,613,619,144,183,559,564,201,203,240,242,226,216,217,243,254,269,537,592,597,599,141,616,667,47,0 (4317)
Route_5: 0,10,692,691,690,93,96,102,88,87,86,101,67,89,68,109,113,112,75,74,76,56,54,52,53,71,72,73,110,114,63,115,70,105,103,69,62,83,85,84,82,100,99,18,15,19,97,694,698,695,697,702,703,1,714,0 (4221)
Route_6: 0,20,92,46,77,646,647,640,122,166,125,126,130,278,276,272,281,129,171,167,120,119,638,639,651,116,106,33,688,687,23,721,0 (4313)
Route_7: 0,722,32,34,666,625,643,134,601,583,579,577,584,277,273,271,258,566,576,578,133,147,634,633,628,678,35,38,28,0 (4293)
Route_8: 0,36,676,662,659,618,637,151,140,137,585,556,555,554,188,264,257,543,567,575,571,580,588,136,620,636,663,665,43,0 (4238)
Route_9: 0,27,656,615,635,161,139,605,587,569,572,565,256,255,246,207,195,528,550,574,558,591,593,589,138,156,614,660,664,45,689,0 (4281)
Route_10: 0,723,696,29,30,81,64,107,49,50,58,59,652,650,168,123,124,169,131,132,127,170,121,649,117,648,118,104,61,55,57,60,51,111,108,65,66,686,95,21,720,0 (4311)
Route_11: 0,78,680,657,632,607,582,581,570,573,544,189,191,518,541,542,547,187,549,568,586,606,152,158,623,624,626,668,671,0 (4298)
Route_12: 0,22,42,31,683,669,617,157,608,600,598,594,184,552,185,186,553,563,546,539,540,198,200,204,235,527,530,536,545,551,557,596,604,159,621,653,94,0 (4067)
Profit: 0
Time: 1804.4012777

Total distance: 54301
Unserved customers:  (0)
Arguments: VRP LS 30 0 0
