Dataset_name: 157rat783_T100_p1_v3
Vehicles: 13
Routes
Route_0: 0,135,150,186,223,257,306,344,371,390,410,417,447,475,495,496,521,523,552,571,580,603,614,628,631,636,615,605,592,572,558,513,486,458,385,379,359,299,289,258,207,161,155,69,44,36,0 (1077)
Route_1: 0,56,79,99,126,152,195,226,248,285,298,322,338,364,375,392,407,408,430,438,466,506,534,563,586,602,608,621,620,616,618,587,577,556,551,514,448,429,425,404,391,318,273,247,230,194,174,159,114,0 (1031)
Route_2: 0,183,242,255,290,305,331,349,376,409,418,434,468,469,504,520,540,541,557,564,569,576,604,613,632,630,638,641,617,609,588,570,574,542,526,493,463,440,416,369,346,315,292,267,203,0 (1088)
Route_3: 0,48,124,145,184,214,234,265,304,342,358,389,400,452,484,505,533,553,561,578,596,644,670,678,684,689,679,654,626,597,568,560,516,511,485,462,454,406,381,355,301,276,238,185,179,122,109,51,0 (1087)
Route_4: 0,245,343,396,437,491,546,598,612,640,643,656,680,690,691,712,697,674,659,633,611,589,507,442,424,386,327,275,254,0 (1088)
Route_5: 0,57,62,73,76,70,84,98,117,125,120,123,128,129,140,131,130,157,165,173,177,191,206,222,213,217,198,192,170,176,180,193,169,167,147,144,118,121,141,148,133,134,113,108,105,100,78,83,86,74,65,42,37,39,12,10,3,33,27,23,26,20,15,25,31,13,21,34,30,19,7,18,4,2,9,8,11,6,1,0 (1035)
Route_6: 0,45,64,75,94,111,127,156,163,164,172,182,187,196,200,212,225,220,227,228,243,259,262,270,271,260,278,283,297,308,295,296,303,313,314,284,279,264,263,253,233,237,246,244,251,240,219,202,190,188,166,153,158,143,149,137,107,104,101,88,52,46,0 (917)
Route_7: 0,14,55,87,116,138,171,215,235,241,269,288,312,351,362,383,394,444,451,457,465,483,529,550,538,539,530,517,518,512,494,472,459,432,421,388,365,357,334,316,293,229,204,146,96,24,0 (905)
Route_8: 0,93,132,136,162,189,208,210,211,218,250,261,274,286,300,309,337,336,348,360,361,377,397,411,426,450,470,441,427,420,398,395,378,368,373,366,356,354,340,328,330,341,333,323,319,307,287,282,281,256,236,209,181,168,139,115,97,82,40,0 (1033)
Route_9: 0,66,80,119,142,175,205,224,252,294,311,339,372,367,384,387,402,439,446,453,467,477,497,509,502,503,522,515,554,549,537,545,548,544,531,508,501,487,474,464,449,431,414,413,399,401,382,363,347,350,325,317,310,291,268,249,232,216,199,178,151,106,0 (1088)
Route_10: 0,17,32,28,29,35,49,61,53,41,50,43,54,59,72,90,95,112,103,89,77,68,92,102,91,71,81,85,67,60,58,63,47,38,22,16,0 (570)
Route_11: 0,221,266,324,345,352,419,456,500,535,555,583,590,599,600,629,635,645,650,665,668,683,660,648,627,606,565,562,528,499,490,482,476,455,423,370,326,277,272,154,0 (1088)
Route_12: 0,201,239,374,433,436,488,519,536,581,591,594,607,624,622,619,601,584,582,573,566,543,527,524,492,479,473,445,415,380,353,335,329,302,280,231,197,160,110,0 (1088)
Profit: 0
Time: 1799.9081696

Total distance: 13095
Unserved customers:  (0)
Arguments: VRP LS 30 0 0
