Dataset_name: 201pr1002_T100_p2_v3
Vehicles: 11
Routes
Route_0: 0,81,305,296,286,404,420,421,419,417,418,434,435,439,440,631,630,629,628,610,609,608,791,790,789,788,755,756,757,758,760,761,773,774,772,771,770,769,768,959,958,957,956,938,937,935,934,933,932,936,939,940,941,954,955,953,952,992,960,961,766,765,767,762,763,764,740,741,742,744,743,737,733,734,730,615,614,613,625,624,991,632,633,412,413,415,409,401,288,295,294,308,309,47,80,0 (37630)
Route_1: 0,77,87,85,299,298,284,463,462,461,460,427,428,429,430,431,432,433,446,444,447,603,602,794,909,908,904,905,902,903,915,916,917,924,923,922,921,920,884,883,882,881,880,879,878,877,876,889,890,888,887,885,886,919,918,901,900,899,898,906,907,796,795,448,449,450,451,452,454,455,456,457,459,464,465,283,282,300,303,110,109,108,86,88,74,0 (37743)
Route_2: 0,70,71,66,65,63,62,61,32,31,23,22,24,25,30,29,28,26,27,331,332,333,397,396,395,394,393,391,390,389,360,359,358,357,356,353,352,351,350,349,348,344,343,342,341,340,339,338,337,336,335,334,19,18,17,20,21,16,15,14,12,13,9,10,11,67,68,69,0 (25560)
Route_3: 0,53,52,50,49,40,41,312,315,318,322,291,290,379,376,368,369,370,371,372,639,637,638,644,645,646,647,649,648,621,620,618,619,709,710,712,708,707,706,705,696,704,697,698,699,700,967,968,971,970,969,981,980,979,978,949,948,947,946,945,944,951,950,976,977,975,974,973,972,966,965,964,963,962,701,702,703,739,738,736,735,729,616,617,623,622,636,635,634,373,374,375,411,410,408,407,289,292,293,320,321,319,317,316,310,311,44,43,42,48,51,0 (38079)
Route_4: 0,138,139,140,141,151,150,152,153,154,164,165,163,155,156,157,158,184,183,182,181,180,179,178,177,176,175,174,173,172,169,170,171,160,159,161,162,166,167,168,0 (20332)
Route_5: 0,75,94,95,96,100,101,102,103,104,105,118,116,119,272,271,270,268,267,266,265,264,228,227,226,225,224,496,493,492,482,491,483,484,513,568,569,567,566,565,564,563,562,561,548,547,541,542,543,540,538,539,544,546,545,518,517,516,519,520,521,524,525,526,527,535,536,537,534,532,533,531,530,528,529,523,522,485,489,490,494,495,223,222,221,220,233,234,232,231,229,230,263,262,245,261,260,259,258,257,256,120,121,122,123,124,126,127,128,99,132,133,0 (36722)
Route_6: 0,54,56,57,59,39,38,37,36,313,314,325,324,323,398,400,381,380,378,377,367,366,365,640,643,642,653,652,651,650,726,728,727,711,722,721,719,718,717,716,720,714,713,715,695,694,693,692,691,690,689,688,687,686,685,684,683,682,681,680,679,678,677,676,673,672,671,670,668,669,665,666,667,723,724,725,654,655,656,657,658,641,364,363,362,361,387,388,392,386,385,384,382,383,399,326,327,328,329,330,35,34,33,60,64,58,55,72,0 (37953)
Route_7: 0,93,97,993,117,115,274,467,468,469,479,478,997,579,578,570,560,549,550,826,827,816,815,814,840,839,838,857,856,853,854,855,861,860,862,863,866,872,867,868,871,870,869,875,874,873,891,892,846,845,844,843,842,813,817,818,822,823,824,553,555,556,592,593,589,588,575,576,580,581,582,474,473,472,276,279,113,106,90,91,0 (37966)
Route_8: 0,137,136,130,144,145,146,147,143,142,148,149,251,250,185,186,194,193,196,195,201,200,197,198,199,205,203,202,204,206,207,208,209,501,505,506,507,508,509,510,511,512,486,487,488,499,212,210,211,216,215,214,213,219,218,217,235,236,190,189,191,192,188,187,238,237,239,240,241,242,243,244,246,247,249,248,252,253,254,255,125,129,131,134,135,0 (31651)
Route_9: 0,73,79,82,83,46,45,306,307,287,402,406,405,416,414,436,437,438,627,626,611,612,732,745,746,747,748,749,750,751,752,753,754,999,759,779,778,777,911,913,914,910,781,780,782,783,784,785,786,787,792,793,604,607,605,606,441,442,443,445,996,426,425,424,423,422,285,297,990,304,84,78,0 (34230)
Route_10: 0,92,98,114,278,277,275,466,470,471,475,476,477,577,574,572,571,573,590,591,558,559,557,552,551,825,828,829,830,831,832,833,834,835,836,837,851,850,852,849,848,847,894,893,895,897,896,841,812,811,819,810,820,821,554,594,595,596,598,586,585,584,583,453,458,280,281,301,302,112,111,107,89,76,0 (37265)
Profit: 0
Time: 1800.9706741

Total distance: 375131
Unserved customers:  (0)
Arguments: VRP LS 30 0 0
