Dataset_name: 20kroC100_T100_p1_v3
Vehicles: 9
Routes
Route_0: 0,18,91,9,98,3,39,0 (2994)
Route_1: 0,6,81,77,8,25,31,23,0 (3146)
Route_2: 0,19,63,41,54,26,0 (2647)
Route_3: 0,45,28,62,50,15,36,0 (3131)
Route_4: 0,11,92,35,56,73,13,0 (3181)
Route_5: 0,48,65,43,17,0 (3163)
Route_6: 0,14,12,30,5,53,46,66,78,0 (3165)
Route_7: 0,59,76,79,64,84,0 (3180)
Route_8: 0,60,52,0 (1898)
Profit: 0
Time: 1800.0533687

Total distance: 26505
Unserved customers: 47 83 32 44 80 96 99 7 21 74  (10)
Arguments: VRP LS 30 0 0
