Dataset_name: 20kroA100_T100_p1_v4
Vehicles: 13
Routes
Route_0: 0,7,41,88,30,79,55,91,0 (2211)
Route_1: 0,66,0 (1188)
Route_2: 0,50,92,0 (2259)
Route_3: 0,76,59,0 (2394)
Route_4: 0,23,62,0 (2414)
Route_5: 0,90,44,22,97,0 (2045)
Route_6: 0,52,18,0 (2105)
Route_7: 0,20,73,58,71,0 (2132)
Route_8: 0,17,78,89,48,5,0 (2417)
Route_9: 0,27,57,60,24,0 (2405)
Route_10: 0,10,16,14,31,46,0 (2106)
Route_11: 0,96,3,74,0 (2247)
Route_12: 0,9,83,35,0 (2387)
Profit: 0
Time: 1799.9439982

Total distance: 28310
Unserved customers: 37 98 68 80 15 21 69 87 93 26 34 61 85  (13)
Arguments: VRP LS 30 0 0
