Dataset_name: 21eil101_T80_p2_v2
Vehicles: 10
Routes
Route_0: 0,26,100,94,96,91,95,88,0 (73)
Route_1: 0,52,39,72,73,40,21,74,71,20,25,27,0 (100)
Route_2: 0,30,87,6,7,45,61,0 (91)
Route_3: 0,86,42,0 (100)
Route_4: 0,11,3,55,38,24,54,53,75,0 (99)
Route_5: 0,93,58,97,36,99,90,15,60,84,92,98,5,0 (100)
Route_6: 0,50,29,31,89,62,9,69,0 (72)
Route_7: 0,12,41,14,56,1,57,0 (100)
Route_8: 0,32,80,8,33,77,78,28,23,79,67,76,2,49,0 (99)
Route_9: 0,68,59,4,83,16,44,82,17,51,0 (95)
Profit: 0
Time: 1799.808727

Total distance: 929
Unserved customers:  (0)
Arguments: VRP LS 30 0 0
