Dataset_name: 25pr124_T100_p1_v3
Vehicles: 8
Routes
Route_0: 0,61,65,64,67,63,62,29,30,0 (12169)
Route_1: 0,8,9,15,0 (11926)
Route_2: 0,58,60,66,59,35,34,28,27,26,6,0 (11977)
Route_3: 0,25,37,36,39,41,42,43,38,22,23,24,0 (10448)
Route_4: 0,21,40,53,52,51,44,20,0 (12174)
Route_5: 0,19,18,17,45,16,7,0 (12148)
Route_6: 0,5,31,4,3,2,1,0 (4873)
Route_7: 0,33,68,69,32,0 (12202)
Profit: 0
Time: 1800.0183049

Total distance: 87917
Unserved customers: 46 47 48 80 81 82 83 70 71 72 73  (11)
Arguments: VRP LS 30 0 0
