Dataset_name: 26ch130_T60_p2_v3
Vehicles: 9
Routes
Route_0: 0,33,26,18,42,103,106,126,0 (566)
Route_1: 0,128,123,60,108,75,0 (482)
Route_2: 0,16,115,99,30,0 (553)
Route_3: 0,44,10,4,15,0 (375)
Route_4: 0,70,107,7,125,113,111,104,127,0 (564)
Route_5: 0,1,117,19,3,34,53,0 (564)
Route_6: 0,25,96,69,0 (553)
Route_7: 0,49,79,45,32,20,17,129,0 (558)
Route_8: 0,38,2,29,58,82,116,40,0 (557)
Profit: 0
Time: 1799.8208959

Total distance: 4772
Unserved customers: 11 23 37 78 86 94 21 22 6  (9)
Arguments: VRP LS 30 0 0
