Dataset_name: 30ch150_T100_p2_v4
Vehicles: 8
Routes
Route_0: 0,96,25,55,145,123,6,97,0 (665)
Route_1: 0,29,95,110,104,51,0 (605)
Route_2: 0,102,4,99,142,106,94,81,0 (486)
Route_3: 0,33,120,78,77,14,58,0 (686)
Route_4: 0,15,132,0 (685)
Route_5: 0,47,2,61,148,124,21,72,75,86,0 (658)
Route_6: 0,88,34,32,91,125,92,7,83,0 (681)
Route_7: 0,112,20,87,93,9,62,0 (672)
Profit: 0
Time: 1799.8141075

Total distance: 5138
Unserved customers: 82 13 79 45 53 89 133 137 3 43 44 70 103 114 149  (15)
Arguments: VRP LS 30 0 0
