Dataset_name: 30kroB150_T80_p1_v2
Vehicles: 8
Routes
Route_0: 0,109,54,21,111,7,113,33,89,24,16,105,41,63,19,0 (4792)
Route_1: 0,12,148,53,61,82,71,123,49,103,146,64,129,84,0 (4878)
Route_2: 0,14,30,5,137,38,125,112,74,133,46,66,78,0 (4847)
Route_3: 0,17,65,47,95,86,149,51,10,83,102,28,45,0 (4844)
Route_4: 0,136,23,116,31,131,60,25,8,77,81,145,134,50,126,127,43,62,15,119,36,141,124,52,0 (4757)
Route_5: 0,48,104,18,98,140,91,9,44,80,96,143,135,32,99,73,56,35,13,142,92,11,0 (4521)
Route_6: 0,26,106,139,59,3,115,39,0 (3041)
Route_7: 0,107,97,108,144,0 (4878)
Profit: 0
Time: 1800.0401394

Total distance: 36558
Unserved customers: 27 37 70 87 100 147 57  (7)
Arguments: VRP LS 30 0 0
