Dataset_name: 30kroA150_T80_p2_v3
Vehicles: 13
Routes
Route_0: 0,18,69,52,0 (2806)
Route_1: 0,107,68,80,24,60,57,27,0 (2813)
Route_2: 0,86,144,124,50,92,0 (2588)
Route_3: 0,138,55,142,118,117,96,91,0 (2817)
Route_4: 0,59,61,149,76,109,130,0 (2850)
Route_5: 0,98,0 (2938)
Route_6: 0,5,48,133,87,15,21,93,136,78,105,89,0 (2869)
Route_7: 0,46,10,14,16,140,58,126,73,20,71,112,0 (2792)
Route_8: 0,129,132,137,88,30,79,121,41,7,0 (2492)
Route_9: 0,74,65,64,3,0 (2656)
Route_10: 0,35,103,37,23,83,9,62,0 (2929)
Route_11: 0,17,0 (2336)
Route_12: 0,8,6,56,0 (2930)
Profit: 0
Time: 1799.917875

Total distance: 35816
Unserved customers: 101 110 25 123 128 33 54 82 116 134 139  (11)
Arguments: VRP LS 30 0 0
