Dataset_name: 32u159_T100_p2_v4
Vehicles: 7
Routes
Route_0: 0,125,128,123,113,124,0 (5613)
Route_1: 0,3,147,146,145,143,142,15,11,5,2,0 (5588)
Route_2: 0,158,132,133,134,135,157,0 (5533)
Route_3: 0,4,152,151,6,7,8,9,10,12,13,14,16,0 (5627)
Route_4: 0,136,156,0 (5227)
Route_5: 0,130,131,129,127,126,0 (5278)
Route_6: 0,155,154,149,140,138,139,141,144,148,150,153,1,0 (5641)
Profit: 0
Time: 1800.0326795

Total distance: 38507
Unserved customers: 17 18 19 20 21 22 23 24 33 34 35 36 37 137 38 39 40 41 42 114 115 116 117  (23)
Arguments: VRP LS 30 0 0
