Dataset_name: 39rat195_T100_p2_v2
Vehicles: 7
Routes
Route_0: 0,79,93,106,119,133,134,121,120,107,94,80,67,0 (427)
Route_1: 0,1,2,3,4,5,6,7,8,9,10,11,12,25,38,37,24,23,22,21,20,19,18,0 (321)
Route_2: 0,15,16,30,45,46,60,59,73,87,101,102,114,100,99,86,85,72,58,44,43,29,0 (424)
Route_3: 0,13,26,39,52,65,78,91,104,117,130,131,132,118,105,92,66,53,40,0 (427)
Route_4: 0,27,55,69,83,97,111,125,126,113,112,98,84,71,70,57,56,42,28,14,0 (420)
Route_5: 0,33,34,35,36,49,50,51,77,76,90,89,88,75,74,61,62,48,47,32,31,17,0 (421)
Route_6: 0,41,68,82,96,110,124,123,122,109,108,95,81,54,0 (420)
Profit: 0
Time: 1799.8632678

Total distance: 2860
Unserved customers: 143 144 156 157 145 146 147  (7)
Arguments: VRP LS 30 0 0
