Dataset_name: 40kroa200_T80_p1_v2
Vehicles: 9
Routes
Route_0: 0,52,173,120,171,28,183,36,15,62,43,187,115,169,121,193,50,117,123,137,8,77,81,198,25,60,135,31,23,158,116,114,0 (4967)
Route_1: 0,186,61,195,71,82,53,0 (5227)
Route_2: 0,131,26,157,76,29,67,168,22,172,34,1,180,124,160,79,190,0 (4350)
Route_3: 0,11,162,92,105,148,98,91,9,174,196,44,96,80,32,155,99,35,56,73,179,130,188,68,141,107,13,191,146,39,0 (5277)
Route_4: 0,122,12,5,129,70,55,37,108,156,30,176,14,0 (5325)
Route_5: 0,110,45,109,17,178,65,152,47,83,10,51,86,125,95,165,164,103,118,18,189,48,0 (5212)
Route_6: 0,78,119,111,154,182,21,133,128,87,147,27,38,74,106,46,66,144,0 (5327)
Route_7: 0,84,197,150,167,49,85,138,184,64,0 (5154)
Route_8: 0,19,63,41,134,102,145,7,126,185,54,161,159,0 (4464)
Profit: 0
Time: 1800.081278

Total distance: 45303
Unserved customers: 151  (1)
Arguments: VRP LS 30 0 0
