Dataset_name: 45ts225_T80_p1_v4
Vehicles: 9
Routes
Route_0: 0,31,32,155,30,0 (10065)
Route_1: 0,29,156,157,158,55,0 (13640)
Route_2: 0,135,13,12,11,10,9,8,7,6,5,4,3,2,1,0 (13229)
Route_3: 0,134,33,34,35,139,0 (13644)
Route_4: 0,159,56,28,0 (13475)
Route_5: 0,125,126,127,128,129,25,150,151,152,153,154,50,175,51,0 (13229)
Route_6: 0,132,37,36,133,0 (13509)
Route_7: 0,130,136,137,138,131,0 (13410)
Route_8: 0,26,52,53,54,27,0 (13410)
Profit: 0
Time: 1799.7144154

Total distance: 117611
Unserved customers: 57 180 181 38 160 161 176 177  (8)
Arguments: VRP LS 30 0 0
