Dataset_name: 60pr299_T80_p2_v3
Vehicles: 8
Routes
Route_0: 0,146,147,151,152,153,154,213,214,292,294,293,296,295,297,150,149,148,0 (5478)
Route_1: 0,141,140,139,160,205,204,203,206,209,210,159,0 (5968)
Route_2: 0,92,142,158,208,207,222,223,219,220,221,211,157,0 (6013)
Route_3: 0,6,13,78,79,76,74,21,19,18,15,0 (5948)
Route_4: 0,144,145,155,291,289,290,288,287,286,216,215,217,212,156,143,0 (6022)
Route_5: 0,89,85,86,82,83,101,77,75,81,80,84,87,0 (5952)
Route_6: 0,3,2,7,8,9,10,11,12,14,20,22,23,17,16,4,5,1,0 (5438)
Route_7: 0,138,96,100,99,98,97,94,95,93,90,88,91,0 (5347)
Profit: 0
Time: 1800.218673

Total distance: 46166
Unserved customers: 71 224 225 226 228 230 282 298  (8)
Arguments: VRP LS 30 0 0
