Dataset_name: 64lin318_T80_p1_v4
Vehicles: 10
Routes
Route_0: 0,115,120,121,116,114,2,0 (4132)
Route_1: 0,19,22,27,32,40,41,42,45,51,52,57,56,53,50,46,43,103,29,102,0 (3614)
Route_2: 0,11,18,23,26,35,36,38,153,37,25,24,17,0 (4083)
Route_3: 0,315,316,10,9,6,5,0 (2886)
Route_4: 0,7,13,125,127,132,134,135,136,0 (3562)
Route_5: 0,14,30,44,47,49,54,55,104,63,58,48,39,31,28,21,20,1,0 (4146)
Route_6: 0,126,133,137,208,33,34,16,0 (4152)
Route_7: 0,207,124,128,131,130,129,122,123,119,12,8,0 (4134)
Route_8: 0,144,149,152,15,0 (4153)
Route_9: 0,105,106,107,113,112,111,110,3,4,0 (4103)
Profit: 0
Time: 1799.9813438

Total distance: 38965
Unserved customers: 154 159 68 69 72 73 74 75 79 80  (10)
Arguments: VRP LS 30 0 0
