Dataset_name: 80rd400_T60_p2_v4
Vehicles: 19
Routes
Route_0: 0,366,178,227,259,279,254,4,280,225,102,107,0 (927)
Route_1: 0,255,33,285,346,177,308,237,243,87,251,50,164,231,89,257,236,160,44,0 (909)
Route_2: 0,110,385,98,290,230,169,219,74,269,370,146,0 (941)
Route_3: 0,335,116,185,16,316,267,204,66,281,215,38,0 (775)
Route_4: 0,75,183,35,0 (944)
Route_5: 0,14,20,117,159,106,41,390,300,8,0 (802)
Route_6: 0,351,245,39,108,167,54,379,263,111,0 (792)
Route_7: 0,195,150,322,63,315,0 (954)
Route_8: 0,357,298,264,381,208,121,1,138,384,91,0 (852)
Route_9: 0,142,104,354,247,317,369,103,289,0 (954)
Route_10: 0,165,367,273,81,36,325,105,19,226,214,65,0 (799)
Route_11: 0,213,235,262,283,76,198,394,233,356,210,154,201,284,294,200,0 (929)
Route_12: 0,68,340,6,153,278,71,29,0 (937)
Route_13: 0,114,221,246,25,327,166,297,383,239,23,18,12,172,163,128,119,303,0 (951)
Route_14: 0,156,109,147,59,292,343,326,112,349,250,310,129,157,306,338,274,0 (814)
Route_15: 0,3,132,248,238,37,78,374,120,168,0 (741)
Route_16: 0,353,211,329,72,359,202,0 (953)
Route_17: 0,95,79,140,13,51,376,336,56,256,21,0 (951)
Route_18: 0,55,272,299,275,100,395,252,47,205,34,270,122,46,67,319,396,0 (942)
Profit: 0
Time: 1913.9447386

Total distance: 16867
Unserved customers: 134 265 352 118  (4)
Arguments: VRP LS 30 0 0
