Dataset_name: 84fl417_T100_p1_v2
Vehicles: 3
Routes
Route_0: 0,15,20,27,19,12,11,16,26,52,55,57,68,64,61,223,245,221,243,219,241,217,239,215,237,213,235,211,233,209,231,207,229,205,227,203,225,204,226,228,206,230,208,232,210,234,212,236,214,238,216,240,218,242,220,244,222,246,248,224,247,92,88,89,93,86,72,76,81,82,77,90,94,83,87,95,96,65,69,62,66,63,73,84,78,85,79,74,70,60,30,25,17,9,0 (4775)
Route_1: 0,6,4,5,1,3,2,8,10,14,13,29,28,22,152,128,151,127,149,125,123,147,126,150,148,124,146,122,145,121,143,119,141,120,144,142,118,140,138,116,139,117,115,137,113,111,135,114,136,134,112,133,109,107,131,110,132,108,130,106,129,105,307,306,332,305,304,331,303,322,330,347,346,345,321,302,320,344,343,342,301,300,299,319,298,297,339,327,340,341,328,329,32,34,39,41,45,49,47,42,40,35,33,178,154,156,180,158,182,160,184,162,186,164,188,166,190,168,192,170,194,172,196,174,198,176,200,199,175,197,173,195,171,193,169,191,167,189,165,187,163,185,161,183,159,181,157,179,155,177,153,318,317,338,316,315,337,314,326,336,356,355,354,325,313,324,353,352,351,312,311,335,310,334,350,349,333,323,309,308,348,0 (4728)
Route_2: 0,7,21,24,48,50,51,53,54,56,251,275,253,277,255,279,257,281,259,283,261,285,263,287,265,289,267,291,269,293,271,295,272,296,294,270,292,268,290,266,288,264,286,262,284,260,282,258,280,256,278,254,276,252,274,250,273,249,378,377,398,376,375,397,374,386,396,416,415,414,385,373,384,413,412,411,372,371,395,370,394,410,409,383,369,393,408,368,98,100,97,99,91,80,67,75,31,23,18,0 (4822)
Profit: 0
Time: 1814.5502271

Total distance: 14325
Unserved customers:  (0)
Arguments: VRP LS 30 0 0
