Dataset_name: 89pcb442_T80_p2_v3
Vehicles: 11
Routes
Route_0: 0,114,150,395,398,242,285,286,312,339,311,310,284,283,241,173,126,0 (5712)
Route_1: 0,102,113,125,135,148,160,171,184,399,404,226,233,237,265,268,272,275,278,280,281,276,269,238,405,400,101,65,33,0 (5082)
Route_2: 0,127,139,153,177,397,224,232,257,256,255,254,253,401,200,396,162,115,0 (5759)
Route_3: 0,38,39,40,41,377,100,435,93,92,91,90,89,88,87,86,85,84,83,82,81,80,79,78,77,76,75,74,73,37,0 (5770)
Route_4: 0,103,386,388,186,402,243,244,287,313,314,288,246,245,228,220,210,151,66,0 (5687)
Route_5: 0,35,69,104,128,141,154,393,166,155,142,130,119,387,389,129,118,117,105,70,0 (5008)
Route_6: 0,1,2,3,4,5,6,7,8,9,10,11,12,13,14,15,16,17,18,19,20,21,22,23,24,25,26,27,28,61,60,59,58,57,56,55,54,53,52,51,50,49,48,47,46,45,44,43,42,0 (5706)
Route_7: 0,68,138,152,163,164,176,188,201,189,190,202,215,203,192,191,179,178,394,165,140,116,0 (5596)
Route_8: 0,391,174,211,212,221,229,247,248,414,249,250,416,417,252,251,230,222,213,199,187,175,392,137,67,34,0 (5674)
Route_9: 0,440,385,161,172,185,227,234,239,266,270,273,425,439,307,308,432,338,309,282,279,240,406,149,136,0 (5766)
Route_10: 0,36,72,98,99,438,380,381,109,110,122,121,131,390,120,384,108,107,106,71,0 (5719)
Profit: 0
Time: 3575.5727317

Total distance: 61479
Unserved customers: 29 62 63 94 95 378 379  (7)
Arguments: VRP LS 30 0 0
