Dataset_name: 99d493_T100_p2_v3
Vehicles: 15
Routes
Route_0: 0,60,84,85,63,56,51,2,0 (6675)
Route_1: 0,50,47,43,42,45,46,44,162,160,169,41,36,0 (6558)
Route_2: 0,25,381,368,351,348,336,329,342,349,357,370,369,390,428,0 (6667)
Route_3: 0,1,14,15,61,62,83,17,16,18,11,10,9,8,0 (6644)
Route_4: 0,31,30,296,300,22,23,0 (6546)
Route_5: 0,28,398,391,384,341,324,317,322,340,344,421,0 (6674)
Route_6: 0,464,458,446,445,459,462,465,0 (6671)
Route_7: 0,463,443,444,433,432,460,461,0 (6659)
Route_8: 0,27,397,389,376,363,356,367,380,388,396,410,24,0 (6655)
Route_9: 0,26,456,430,423,424,411,431,442,457,0 (6669)
Route_10: 0,29,333,325,298,309,316,422,0 (6675)
Route_11: 0,39,34,223,200,179,173,175,174,170,172,180,189,20,35,37,0 (6671)
Route_12: 0,32,21,268,265,224,215,208,188,185,193,209,234,33,38,0 (6672)
Route_13: 0,399,382,395,408,0 (6675)
Route_14: 0,3,4,5,6,7,52,55,57,59,58,54,53,49,48,0 (6462)
Profit: 0
Time: 1802.0709978

Total distance: 99573
Unserved customers: 165 166 178 184 196 197 303 305 313 320 326 328 332 337 345 352 358 359 364 373 374 377 385 392 406 407 412 413 434 447  (30)
Arguments: VRP LS 30 0 0
