 13
  3 13  0  0  0 13  0  0 13  1  0  0 13  1  0  0 13  1  0  0
 78  1  1
110
 81
162
113
 77
159
 10
 42
 41
168
150
 32
 14
123
 30
 22
 54
 39
 62
 88
 64
127
117
133
 24
 80
 76
179
 48
193
125
149
138
131
 19
 27
163
160
111
194
 66
 78
148
170
141
154
126
 21
 53
156
 57
195
 95
 86
  9
 25
152
115
 56
164
 16
 67
118
198
 34
 69
 79
199
140
 43
161
190
 31
124
  8
171
119
186
 76  1  2
187
181
 35
 84
172
 49
103
 59
 18
142
173
 91
 90
 55
  4
120
177
 12
137
144
 71
 63
155
 74
 68
  6
108
196
158
176
 61
145
128
 50
 65
136
174
185
191
122
 36
 60
  7
 82
153
 98
 37
112
 85
 87
100
192
 99
101
167
121
  2
 52
183
 58
106
 33
201
146
184
132
 23
 51
 26
151
 11
157
 83
129
182
165
 46  1  3
 17
  5
107
189
 46
 40
 94
109
 92
 15
 70
180
135
169
 97
114
 38
 45
178
147
105
 47
104
 89
166
 28
 96
 75
188
 72
197
 29
 20
130
102
134
116
 13
 93
139
 44
200
143
 73
175
  3
 14  2  1
186
119
181
187
 35
 84
 31
124
171
  8
110
175
 17
  3
 14  2  2
  5
165
107
 92
 15
109
 70
180
135
169
 94
 40
 46
189
 14  2  3
 59
141
154
118
 67
 16
164
 56
198
 34
 69
 79
140
 43
 17  2  4
190
103
170
126
 21
 53
156
 57
195
 86
 95
  9
 25
152
115
199
161
 15  2  5
113
 14
 39
 54
 22
 55
  4
 90
 91
173
 30
123
 10
159
 77
 15  2  6
 62
155
 63
138
131
 19
 27
149
125
193
 48
 74
 68
 76
179
 17  2  7
172
 49
142
 18
148
 78
 66
194
111
163
160
144
 71
137
 12
177
120
 15  2  8
 73
 93
 58
  2
121
 52
183
117
 80
 24
127
 64
 88
139
143
 17  2  9
128
 50
 65
136
174
185
191
122
 60
  7
 36
 82
153
 98
 37
145
 61
 16  2 10
 13
116
167
101
 99
192
100
 87
 85
112
176
158
196
  6
108
133
 16  2 11
106
 33
201
134
102
130
 20
 29
146
184
188
197
 72
 23
 26
 83
 15  2 12
 97
 38
 51
 28
 96
 75
132
 89
166
104
 47
105
147
 45
178
 15  2 13
 81
162
 42
 41
168
150
 32
 44
200
157
 11
151
114
129
182
 11  3  1
186
119
181
 35
124
113
 77
 42
162
 81
110
 15  3  2
 17
  5
107
 92
 15
109
 70
135
180
129
 83
182
165
175
  3
 11  3  3
 43
140
 79
 69
118
 67
154
141
103
190
 84
 14  3  4
115
152
 25
  9
 95
 86
195
 57
 53
 21
126
170
 59
161
 13  3  5
 41
 14
 32
 39
 54
 22
 90
173
142
 30
123
 10
159
 12  3  6
 62
155
 63
179
 48
193
125
128
149
138
131
137
 13  3  7
172
 49
148
 78
 66
160
111
163
 71
 12
177
120
 91
 14  3  8
183
 52
121
167
  6
108
 68
133
 80
 24
127
 88
 64
 44
 14  3  9
 50
 65
174
185
191
122
 60
  7
 36
 82
153
 98
 37
 61
 11  3 10
 76
 74
158
176
112
 85
 87
100
 99
101
117
 12  3 11
 72
184
 29
 20
130
102
134
116
106
 58
 93
 13
 14  3 12
 26
 23
197
188
 75
 96
132
 89
166
104
 47
105
147
 45
 11  3 13
 73
143
200
139
 11
151
114
 38
 97
 94
 40
 11  4  1
187
181
124
 84
 31
172
 77
113
  8
171
119
 12  4  2
  3
110
 73
182
 70
109
 15
 92
107
  5
 17
186
 12  4  3
190
103
170
154
126
 16
 67
118
 34
 69
199
161
 13  4  4
115
152
  9
 95
195
 57
156
 86
164
 56
198
 79
140
 12  4  5
159
123
 30
 90
 91
 55
  4
 62
150
168
162
 81
 12  4  6
 88
 64
155
 63
138
149
 27
 19
131
 71
137
142
 12  4  7
173
120
177
 12
144
160
111
194
 66
 78
148
 18
 14  4  8
143
139
 93
 13
116
167
121
 52
  2
183
117
 24
127
 44
 15  4  9
 61
145
112
 98
153
 82
122
191
185
174
136
 65
 50
128
125
 14  4 10
 80
133
 68
108
  6
101
 99
100
 87
 85
196
158
 74
 76
 12  4 11
157
106
 33
201
134
102
130
146
184
188
 72
151
 11  4 12
178
147
105
104
166
 89
132
 75
 96
 51
114
 11  4 13
189
 46
 40
 94
 97
169
180
129
 83
165
175
 18  5  1
119
127
 80
 76
193
125
128
 65
112
 85
 87
192
102
130
197
 72
 94
109
 11  6  1
186
119
171
  8
124
 31
190
 84
 35
187
181
 12  6  2
 17
  5
107
 15
 70
135
180
129
182
165
175
  3
 11  6  3
172
103
141
170
154
 34
198
 69
199
140
 43
 14  6  4
 79
115
152
164
 86
 95
195
 57
156
 53
 16
 67
118
161
 15  6  5
 42
 41
 14
150
 32
 39
 54
 22
 90
173
142
 30
 10
159
 77
 14  6  6
123
 91
120
177
 12
 19
138
149
125
193
155
 63
 55
113
 12  6  7
 49
 59
148
 78
 66
 21
194
111
163
160
144
137
 14  6  8
157
106
134
116
167
121
 52
183
 24
 80
117
 13
 93
110
 12  6  9
 61
 37
 98
153
 82
  7
122
191
185
174
136
145
 19  6 10
 44
 64
 88
127
133
 68
108
  6
196
 99
192
100
 87
176
158
 74
179
 76
 62
 13  6 11
 33
 20
 29
197
188
184
146
 75
132
 96
 23
 26
 83
 15  6 12
189
 46
 94
178
 45
147
105
 47
104
 89
166
 28
 51
 38
 97
 12  6 13
 81
162
168
143
200
139
 11
151
114
169
109
 92
 32  7  1
161
141
126
156
148
173
177
144
 71
131
149
193
128
 50
185
 60
 36
176
101
167
183
134
201
146
188
166
 45
135
139
150
143
165
 13  8  1
 35
 16
164
 86
 95
 57
156
195
  9
 25
152
 56
 43
  9  8  2
140
199
 34
198
154
141
170
 59
 49
 12  8  3
 18
148
194
111
163
160
144
137
 30
123
113
  8
  9  8  4
181
187
161
190
172
 31
124
171
186
 11  8  5
 14
150
 32
 39
 54
 22
173
142
 10
159
 77
 12  8  6
 55
  4
177
 12
131
149
138
193
 48
 63
155
 62
 12  8  7
 44
 24
133
  6
196
 99
192
100
176
158
 74
179
 10  8  8
145
136
174
185
191
 82
153
 98
 37
 61
 15  8  9
110
 73
 64
 88
127
183
  2
121
167
134
 58
 93
 13
139
200
 10  8 10
  3
175
165
189
 46
 40
135
182
  5
 17
 14  8 11
 92
 94
178
147
105
 47
104
 89
166
132
 51
 38
169
109
 12  8 12
 83
 11
 33
201
 29
146
184
188
197
 72
 23
 26
 10  8 13
 81
162
 42
 41
168
143
157
151
180
 15
 38  9  1
171
159
172
190
161
140
198
141
170
173
137
194
160
 27
149
145
 36
191
153
176
158
179
167
183
139
200
143
182
180
151
197
146
132
 28
178
189
165
175
