Total_Objective: 336863
Total_Routing_Objective: 98295
Total_Inventory_Objective: 38568
Total_Production_Objective: 0
Total_Production_Setup_Objective: 200000
Total_Inventory_Objective_(incl.firstDayInvCost): 336863

Total periods: 20
Total routes per period: 13

Period_1_Routes:
-Route_0 : 1 110 81 162 113 77 159 10 42 41 168 150 32 14 123 30 22 54 39 62 88 64 127 117 133 24 80 76 179 48 193 125 149 138 131 19 27 163 160 111 194 66 78 148 170 141 154 126 21 53 156 57 195 95 86 9 25 152 115 56 164 16 67 118 198 34 69 79 199 140 43 161 190 31 124 8 171 119 186 1
-Route_1 : 1 187 181 35 84 172 49 103 59 18 142 173 91 90 55 4 120 177 12 137 144 71 63 155 74 68 6 108 196 158 176 61 145 128 50 65 136 174 185 191 122 36 60 7 82 153 98 37 112 85 87 100 192 99 101 167 121 2 52 183 58 106 33 201 146 184 132 23 51 26 151 11 157 83 129 182 165 1
-Route_2 : 1 17 5 107 189 46 40 94 109 92 15 70 180 135 169 97 114 38 45 178 147 105 47 104 89 166 28 96 75 188 72 197 29 20 130 102 134 116 13 93 139 44 200 143 73 175 3 1

Period_2_Routes:
-Route_0 : 1 186 119 181 187 35 84 31 124 171 8 110 175 17 3 1
-Route_1 : 1 5 165 107 92 15 109 70 180 135 169 94 40 46 189 1
-Route_2 : 1 59 141 154 118 67 16 164 56 198 34 69 79 140 43 1
-Route_3 : 1 190 103 170 126 21 53 156 57 195 86 95 9 25 152 115 199 161 1
-Route_4 : 1 113 14 39 54 22 55 4 90 91 173 30 123 10 159 77 1
-Route_5 : 1 62 155 63 138 131 19 27 149 125 193 48 74 68 76 179 1
-Route_6 : 1 172 49 142 18 148 78 66 194 111 163 160 144 71 137 12 177 120 1
-Route_7 : 1 73 93 58 2 121 52 183 117 80 24 127 64 88 139 143 1
-Route_8 : 1 128 50 65 136 174 185 191 122 60 7 36 82 153 98 37 145 61 1
-Route_9 : 1 13 116 167 101 99 192 100 87 85 112 176 158 196 6 108 133 1
-Route_10 : 1 106 33 201 134 102 130 20 29 146 184 188 197 72 23 26 83 1
-Route_11 : 1 97 38 51 28 96 75 132 89 166 104 47 105 147 45 178 1
-Route_12 : 1 81 162 42 41 168 150 32 44 200 157 11 151 114 129 182 1

Period_3_Routes:
-Route_0: 1 1

Period_4_Routes:
-Route_0: 1 1

Period_5_Routes:
-Route_0: 1 1

Period_6_Routes:
-Route_0 : 1 186 119 181 35 124 113 77 42 162 81 110 1
-Route_1 : 1 17 5 107 92 15 109 70 135 180 129 83 182 165 175 3 1
-Route_2 : 1 43 140 79 69 118 67 154 141 103 190 84 1
-Route_3 : 1 115 152 25 9 95 86 195 57 53 21 126 170 59 161 1
-Route_4 : 1 41 14 32 39 54 22 90 173 142 30 123 10 159 1
-Route_5 : 1 62 155 63 179 48 193 125 128 149 138 131 137 1
-Route_6 : 1 172 49 148 78 66 160 111 163 71 12 177 120 91 1
-Route_7 : 1 183 52 121 167 6 108 68 133 80 24 127 88 64 44 1
-Route_8 : 1 50 65 174 185 191 122 60 7 36 82 153 98 37 61 1
-Route_9 : 1 76 74 158 176 112 85 87 100 99 101 117 1
-Route_10 : 1 72 184 29 20 130 102 134 116 106 58 93 13 1
-Route_11 : 1 26 23 197 188 75 96 132 89 166 104 47 105 147 45 1
-Route_12 : 1 73 143 200 139 11 151 114 38 97 94 40 1

Period_7_Routes:
-Route_0: 1 1

Period_8_Routes:
-Route_0: 1 1

Period_9_Routes:
-Route_0 : 1 187 181 124 84 31 172 77 113 8 171 119 1
-Route_1 : 1 3 110 73 182 70 109 15 92 107 5 17 186 1
-Route_2 : 1 190 103 170 154 126 16 67 118 34 69 199 161 1
-Route_3 : 1 115 152 9 95 195 57 156 86 164 56 198 79 140 1
-Route_4 : 1 159 123 30 90 91 55 4 62 150 168 162 81 1
-Route_5 : 1 88 64 155 63 138 149 27 19 131 71 137 142 1
-Route_6 : 1 173 120 177 12 144 160 111 194 66 78 148 18 1
-Route_7 : 1 143 139 93 13 116 167 121 52 2 183 117 24 127 44 1
-Route_8 : 1 61 145 112 98 153 82 122 191 185 174 136 65 50 128 125 1
-Route_9 : 1 80 133 68 108 6 101 99 100 87 85 196 158 74 76 1
-Route_10 : 1 157 106 33 201 134 102 130 146 184 188 72 151 1
-Route_11 : 1 178 147 105 104 166 89 132 75 96 51 114 1
-Route_12 : 1 189 46 40 94 97 169 180 129 83 165 175 1

Period_10_Routes:
-Route_0 : 1 119 127 80 76 193 125 128 65 112 85 87 192 102 130 197 72 94 109 1

Period_11_Routes:
-Route_0: 1 1

Period_12_Routes:
-Route_0: 1 1

Period_13_Routes:
-Route_0 : 1 186 119 171 8 124 31 190 84 35 187 181 1
-Route_1 : 1 17 5 107 15 70 135 180 129 182 165 175 3 1
-Route_2 : 1 172 103 141 170 154 34 198 69 199 140 43 1
-Route_3 : 1 79 115 152 164 86 95 195 57 156 53 16 67 118 161 1
-Route_4 : 1 42 41 14 150 32 39 54 22 90 173 142 30 10 159 77 1
-Route_5 : 1 123 91 120 177 12 19 138 149 125 193 155 63 55 113 1
-Route_6 : 1 49 59 148 78 66 21 194 111 163 160 144 137 1
-Route_7 : 1 157 106 134 116 167 121 52 183 24 80 117 13 93 110 1
-Route_8 : 1 61 37 98 153 82 7 122 191 185 174 136 145 1
-Route_9 : 1 44 64 88 127 133 68 108 6 196 99 192 100 87 176 158 74 179 76 62 1
-Route_10 : 1 33 20 29 197 188 184 146 75 132 96 23 26 83 1
-Route_11 : 1 189 46 94 178 45 147 105 47 104 89 166 28 51 38 97 1
-Route_12 : 1 81 162 168 143 200 139 11 151 114 169 109 92 1

Period_14_Routes:
-Route_0 : 1 161 141 126 156 148 173 177 144 71 131 149 193 128 50 185 60 36 176 101 167 183 134 201 146 188 166 45 135 139 150 143 165 1

Period_15_Routes:
-Route_0: 1 1

Period_16_Routes:
-Route_0: 1 1

Period_17_Routes:
-Route_0 : 1 35 16 164 86 95 57 156 195 9 25 152 56 43 1
-Route_1 : 1 140 199 34 198 154 141 170 59 49 1
-Route_2 : 1 18 148 194 111 163 160 144 137 30 123 113 8 1
-Route_3 : 1 181 187 161 190 172 31 124 171 186 1
-Route_4 : 1 14 150 32 39 54 22 173 142 10 159 77 1
-Route_5 : 1 55 4 177 12 131 149 138 193 48 63 155 62 1
-Route_6 : 1 44 24 133 6 196 99 192 100 176 158 74 179 1
-Route_7 : 1 145 136 174 185 191 82 153 98 37 61 1
-Route_8 : 1 110 73 64 88 127 183 2 121 167 134 58 93 13 139 200 1
-Route_9 : 1 3 175 165 189 46 40 135 182 5 17 1
-Route_10 : 1 92 94 178 147 105 47 104 89 166 132 51 38 169 109 1
-Route_11 : 1 83 11 33 201 29 146 184 188 197 72 23 26 1
-Route_12 : 1 81 162 42 41 168 143 157 151 180 15 1

Period_18_Routes:
-Route_0 : 1 171 159 172 190 161 140 198 141 170 173 137 194 160 27 149 145 36 191 153 176 158 179 167 183 139 200 143 182 180 151 197 146 132 28 178 189 165 175 1

Period_19_Routes:
-Route_0: 1 1

Period_20_Routes:
-Route_0: 1 1

Period_1_production_quantity:
0
Period_2_production_quantity:
156000
Period_3_production_quantity:
0
Period_4_production_quantity:
0
Period_5_production_quantity:
0
Period_6_production_quantity:
156000
Period_7_production_quantity:
0
Period_8_production_quantity:
0
Period_9_production_quantity:
165828
Period_10_production_quantity:
0
Period_11_production_quantity:
0
Period_12_production_quantity:
0
Period_13_production_quantity:
163875
Period_14_production_quantity:
0
Period_15_production_quantity:
0
Period_16_production_quantity:
0
Period_17_production_quantity:
159958
Period_18_production_quantity:
0
Period_19_production_quantity:
0
Period_20_production_quantity:
0


Period_1_delivered_quantity:
111 82 163 114 78 160 11 43 42 169 151 33 15 124 31 23 55 40 63 89 65 128 118 134 25 81 77 180 49 194 126 150 139 132 20 28 164 161 112 195 67 79 149 171 142 155 127 22 54 157 58 196 96 87 10 26 153 116 57 165 17 68 119 199 35 70 80 200 141 44 162 191 32 125 9 172 120 187 188 182 36 85 173 50 104 60 19 143 174 92 91 56 5 121 178 13 138 145 72 64 156 75 69 7 109 197 159 177 62 146 129 51 66 137 175 186 192 123 37 61 8 83 154 99 38 113 86 88 101 193 100 102 168 122 3 53 184 59 107 34 202 147 185 133 24 52 27 152 12 158 84 130 183 166 18 6 108 190 47 41 95 110 93 16 71 181 136 170 98 115 39 46 179 148 106 48 105 90 167 29 97 76 189 73 198 30 21 131 103 135 117 14 94 140 45 201 144 74 176 4 
141 187 219 280 240 159 63 299 221 85 183 209 63 227 163 96 80 203 58 259 266 214 93 191 175 123 186 132 193 137 178 154 182 170 126 123 181 157 117 195 108 194 188 137 176 110 175 126 193 121 141 144 53 98 60 117 131 113 142 79 88 86 91 56 127 94 110 81 137 85 70 55 71 58 70 94 78 133 241 213 252 242 166 275 190 284 138 121 201 129 274 230 282 187 82 147 217 83 259 156 139 197 117 165 189 117 101 152 154 118 157 133 176 150 155 117 161 190 185 137 155 136 136 162 132 98 117 129 61 65 93 132 52 68 98 108 67 143 98 57 135 86 67 135 54 136 126 77 87 97 148 119 74 68 219 288 165 285 121 226 265 208 114 268 228 92 108 185 192 114 141 117 166 159 115 179 176 169 146 113 100 153 113 164 155 123 129 92 65 113 65 115 71 75 119 65 137 128 98 98 

Period_2_delivered_quantity:
187 120 182 188 36 85 32 125 172 9 111 176 18 4 6 166 108 93 16 110 71 181 136 170 95 41 47 190 60 142 155 119 68 17 165 57 199 35 70 80 141 44 191 104 171 127 22 54 157 58 196 87 96 10 26 153 116 200 162 114 15 40 55 23 56 5 91 92 174 31 124 11 160 78 63 156 64 139 132 20 28 150 126 194 49 75 69 77 180 173 50 143 19 149 79 67 195 112 164 161 145 72 138 13 178 121 74 94 59 3 122 53 184 118 81 25 128 65 89 140 144 129 51 66 137 175 186 192 123 61 8 37 83 154 99 38 146 62 14 117 168 102 100 193 101 88 86 113 177 159 197 7 109 134 107 34 202 135 103 131 21 30 147 185 189 198 73 24 27 84 98 39 52 29 97 76 133 90 167 105 48 106 148 46 179 82 163 43 42 169 151 33 45 201 158 12 152 115 130 183 
845 1125 748 1328 534 1145 848 932 819 1050 600 462 582 982 1025 767 730 1359 854 994 1188 922 706 531 505 929 449 1041 1275 1219 683 1103 616 972 853 919 942 459 485 547 939 988 765 739 641 688 508 993 731 775 704 991 538 962 480 444 531 510 1000 1442 650 527 546 672 931 961 1063 932 853 1000 689 872 468 394 1244 1210 632 749 905 956 1162 729 930 909 428 566 548 492 540 562 1283 421 776 800 878 825 933 608 567 973 573 409 484 450 530 928 1094 633 885 711 993 853 804 853 927 1082 773 881 438 550 523 681 681 584 755 787 582 801 985 838 939 880 878 897 401 409 456 446 749 520 812 758 838 840 926 797 974 745 422 522 566 576 1098 857 572 750 692 684 999 821 795 747 776 1000 534 939 439 512 670 1070 1271 546 743 876 1012 747 959 781 830 945 859 479 504 530 918 635 1189 624 461 1589 817 779 662 972 519 1285 438 979 518 533 

Period_3_delivered_quantity:
-1
0.0

Period_4_delivered_quantity:
-1
0.0

Period_5_delivered_quantity:
-1
0.0

Period_6_delivered_quantity:
187 120 182 36 125 114 78 43 163 82 111 18 6 108 93 16 110 71 136 181 130 84 183 166 176 4 44 141 80 70 119 68 155 142 104 191 85 116 153 26 10 96 87 196 58 54 22 127 171 60 162 42 15 33 40 55 23 91 174 143 31 124 11 160 63 156 64 180 49 194 126 129 150 139 132 138 173 50 149 79 67 161 112 164 72 13 178 121 92 184 53 122 168 7 109 69 134 81 25 128 89 65 45 51 66 175 186 192 123 61 8 37 83 154 99 38 62 77 75 159 177 113 86 88 101 100 102 118 73 185 30 21 131 103 135 117 107 59 94 14 27 24 198 189 76 97 133 90 167 105 48 106 148 46 74 144 201 140 12 152 115 39 98 95 41 
1002 1350 1331 1320 1238 1154 1069 1301 1334 421 480 386 379 373 544 1202 1383 1133 1221 1320 1210 1200 457 380 431 381 936 1089 1449 1400 932 1260 1364 1314 1244 431 581 533 734 1308 952 468 967 1307 1218 1281 1139 971 441 382 299 829 1084 980 378 470 972 796 1138 1082 1078 1387 531 1275 1306 1137 1120 1492 1176 1306 436 436 397 479 1345 1370 686 1097 1116 1002 1112 1147 1394 1336 488 475 1283 392 472 611 494 4 593 1221 1401 1237 1225 1206 1340 1309 453 477 429 787 1013 1042 627 1068 488 1357 1117 1327 1368 510 442 434 420 796 1150 959 1270 1346 1254 1151 1109 1140 546 1279 554 783 787 1535 1125 1146 1435 1255 1436 1021 495 428 1261 1043 828 907 1146 1016 1125 1180 989 392 509 328 511 765 1041 727 537 1170 1003 1439 1227 1115 1313 1121 1307 

Period_7_delivered_quantity:
-1
0.0

Period_8_delivered_quantity:
-1
0.0

Period_9_delivered_quantity:
188 182 125 85 32 173 78 114 9 172 120 4 111 74 183 71 110 16 93 108 6 18 187 191 104 171 155 127 17 68 119 35 70 200 162 116 153 10 96 196 58 157 87 165 57 199 80 141 160 124 31 91 92 56 5 63 151 169 163 82 89 65 156 64 139 150 28 20 132 72 138 143 174 121 178 13 145 161 112 195 67 79 149 19 144 140 94 14 117 168 122 53 3 184 118 25 128 45 62 146 113 99 154 83 123 192 186 175 137 66 51 129 126 81 134 69 109 7 102 100 101 88 86 197 159 75 77 158 107 34 202 135 103 131 147 185 189 73 152 179 148 106 105 167 90 133 76 97 52 115 190 47 41 95 98 170 181 130 84 166 176 
645 557 1337 1212 1376 1443 1012 1274 1188 962 994 528 296 453 587 1218 1403 1354 1224 1472 1381 1216 868 409 497 1212 955 1387 1021 1314 1015 1102 1088 945 1055 1093 902 546 823 985 1398 1149 250 559 1029 1016 1238 1012 941 496 473 1480 1244 1371 1454 1324 947 1152 178 940 433 1483 1243 1120 1343 1089 1364 658 1117 32 1084 1034 667 1176 1095 1046 1256 1277 1118 1122 1063 113 1072 995 842 525 485 1168 519 1338 1085 1228 1162 1334 292 66 965 991 965 412 458 1033 1115 323 1273 253 356 1174 986 835 989 820 1008 494 1221 1033 404 305 459 430 1053 1344 1207 1233 822 978 1017 483 1347 1326 1313 1300 965 1008 63 620 1219 990 1366 544 1241 1278 1309 1147 1173 1187 1067 1030 1011 1013 813 612 1157 1432 1382 1272 814 857 1301 1086 1274 

Period_10_delivered_quantity:
120 128 81 77 194 126 129 66 113 86 88 193 103 131 198 73 95 110 
1198 12 691 1023 1097 819 35 133 9 1343 29 788 5 1055 272 633 76 610 

Period_11_delivered_quantity:
-1
0.0

Period_12_delivered_quantity:
-1
0.0

Period_13_delivered_quantity:
187 120 172 9 125 32 191 85 36 188 182 18 6 108 16 71 136 181 130 183 166 176 4 173 104 142 171 155 35 199 70 200 141 44 80 116 153 165 87 96 196 58 157 54 17 68 119 162 43 42 15 151 33 40 55 23 91 174 143 31 11 160 78 124 92 121 178 13 20 139 150 126 194 156 64 56 114 50 60 149 79 67 22 195 112 164 161 145 138 158 107 135 117 168 122 53 184 25 81 118 14 94 111 62 38 99 154 83 8 123 192 186 175 137 146 45 65 89 128 134 69 109 7 197 100 193 101 88 177 159 75 180 77 63 34 21 30 198 189 185 147 76 133 97 24 27 84 190 47 95 179 46 148 106 48 105 90 167 29 52 39 98 82 163 169 144 201 140 12 152 115 170 110 93 
1478 544 1068 573 447 336 1463 1638 1459 1539 1455 511 793 1079 384 519 445 518 1497 1435 1565 1658 1596 549 462 516 516 1432 1591 1378 1366 1384 1417 1389 482 1329 335 629 378 183 285 533 368 1498 1374 1610 1446 1550 574 532 635 881 502 593 548 332 515 253 501 1425 1479 1582 1648 644 1221 545 240 440 96 463 224 409 1575 1428 1458 1570 1687 1299 458 396 498 503 286 1279 1420 1455 1497 1303 1606 582 1411 1189 497 278 565 192 422 493 280 1544 1464 1559 1524 1335 552 507 335 164 452 1354 1416 1276 1467 1563 1579 387 60 61 267 515 204 477 468 198 245 314 437 164 1292 1241 1479 1499 1377 1315 1343 578 500 626 426 401 209 521 1356 1608 1392 1465 1575 1463 619 1481 260 399 494 227 361 452 304 312 1388 1479 1388 1373 888 320 180 247 375 1509 1505 1336 1176 1225 1555 1684 

Period_14_delivered_quantity:
162 142 127 157 149 174 178 145 72 132 150 194 129 51 186 61 37 177 102 168 184 135 202 147 189 167 46 136 140 151 144 166 
501 50 994 1215 414 491 436 403 198 106 192 128 135 75 28 32 42 3 22 346 38 86 165 204 1 246 72 17 65 21 189 960 

Period_15_delivered_quantity:
-1
0.0

Period_16_delivered_quantity:
-1
0.0

Period_17_delivered_quantity:
36 17 165 87 96 58 157 196 10 26 153 57 44 141 200 35 199 155 142 171 60 50 19 149 195 112 164 161 145 138 31 124 114 9 182 188 162 191 173 32 125 172 187 15 151 33 40 55 23 174 143 11 160 78 56 5 178 13 132 150 139 194 49 64 156 63 45 25 134 7 197 100 193 101 177 159 75 180 146 137 175 186 192 83 154 99 38 62 111 74 65 89 128 184 3 122 168 135 59 94 14 140 201 4 176 166 190 47 41 136 183 6 18 93 95 179 148 106 48 105 90 167 133 52 39 170 110 84 12 34 202 30 147 185 189 198 73 24 27 82 163 43 42 169 144 158 152 181 16 
912 844 990 270 666 940 951 242 154 1584 1539 1328 1580 1090 999 733 1560 1594 1394 1604 1521 1505 178 1012 576 210 273 183 1551 1626 1559 1678 1602 1552 935 244 1578 1645 1582 1470 1359 1571 1616 779 905 820 770 932 1096 290 1655 1620 1593 1540 920 970 787 900 154 234 232 1465 1603 1582 1476 1677 850 180 965 247 163 277 1418 1595 1501 1601 1601 1602 937 988 230 259 1548 1525 1619 1559 1645 1690 888 894 931 237 158 247 254 201 181 299 1607 1512 1563 1601 1427 835 799 851 727 790 1587 1654 1531 1509 1699 984 932 872 222 236 47 223 248 313 1607 1580 1539 1674 1523 392 929 945 910 871 249 198 1634 1297 1485 1580 1510 408 952 932 213 1544 1678 1584 1566 1600 1523 

Period_18_delivered_quantity:
172 160 173 191 162 141 199 142 171 174 138 195 161 28 150 146 37 192 154 177 159 180 168 184 140 201 144 183 181 152 198 147 133 29 179 190 166 176 
588 137 577 70 140 85 5 49 1 145 91 25 41 65 33 47 51 84 28 195 169 36 33 24 15 27 39 31 98 5 80 27 107 253 107 181 205 82 

Period_19_delivered_quantity:
-1
0.0

Period_20_delivered_quantity:
-1
0.0