Dataset_name: 217vm1084_T100_p1_v2
Vehicles: 2
Routes
Route_0: 0,352,420,499,77,512,75,649,249,244,241,253,459,185,251,240,63,650,248,374,396,76,593,350,514,629,632,102,503,47,178,558,559,155,156,555,554,557,562,561,538,537,51,536,535,55,534,362,214,54,363,564,567,695,533,1003,1022,1024,796,890,696,1004,1005,679,736,693,1006,1020,854,1018,1016,758,787,772,690,983,718,726,1067,1065,692,723,719,990,1041,707,882,979,898,818,812,815,926,1031,981,817,1080,905,821,823,825,827,1079,985,913,659,701,769,703,1028,880,682,906,903,994,768,765,925,988,923,996,895,1029,781,899,991,1014,720,940,687,710,729,1015,1026,931,670,775,966,476,919,938,660,962,846,929,907,863,927,805,662,1027,751,1042,847,956,952,803,1046,1054,958,946,836,1058,1070,954,834,950,1072,1082,960,795,948,886,753,867,942,792,944,673,739,1043,856,869,674,1047,668,810,873,724,1055,875,740,716,1059,808,676,920,749,1071,683,1073,800,711,1083,742,713,685,887,798,877,860,964,778,807,968,665,780,790,976,760,755,784,921,978,746,917,865,843,786,774,973,974,971,911,909,1012,1061,791,915,838,901,1013,761,832,893,762,162,889,840,872,763,1077,744,851,764,166,1075,859,666,12,745,135,165,134,648,164,163,361,360,367,269,271,161,160,550,549,209,548,490,488,489,208,181,291,199,136,496,325,403,150,206,190,11,479,231,343,217,358,40,83,131,80,220,641,36,28,232,620,340,99,236,16,331,25,313,24,210,328,449,180,147,639,452,618,277,464,224,297,225,461,296,455,612,600,594,572,3,434,571,4,419,470,295,388,322,189,143,227,5,486,404,183,466,107,43,94,516,370,522,625,167,172,386,598,35,347,174,507,444,453,456,197,1,260,654,188,0
Route_1: 0,259,256,61,78,372,468,59,607,60,633,73,58,72,606,71,56,70,69,541,263,540,539,547,544,355,307,151,153,546,312,152,545,308,311,309,543,531,306,542,34,31,354,530,305,262,353,884,797,891,1023,828,678,1025,852,1001,680,1009,694,1002,737,885,1010,853,756,1021,757,855,1011,689,1019,1017,1007,1066,788,717,722,691,1064,1008,704,896,924,904,771,965,697,705,1050,912,1040,984,264,829,939,698,706,1068,922,1078,989,961,699,708,1032,902,1030,980,930,883,700,819,813,814,816,658,820,822,824,826,727,955,982,1051,777,779,1081,951,957,894,783,785,928,945,953,1033,1034,1044,897,949,959,986,1048,1062,1069,603,635,947,702,770,879,881,999,681,1000,941,943,529,527,349,346,348,528,615,519,518,993,767,773,1056,1035,766,987,1052,609,1045,995,1038,1049,992,1036,782,605,585,610,1063,721,963,688,709,728,967,975,730,731,977,1057,732,733,1053,1039,734,735,776,1037,937,934,972,918,935,969,932,428,426,427,587,120,121,118,611,116,113,617,111,109,586,105,106,108,110,112,115,114,117,590,481,483,293,321,320,482,480,429,970,845,862,661,804,750,752,802,663,848,835,833,866,842,671,794,748,738,793,672,265,430,830,868,857,870,675,669,811,725,715,809,677,741,839,876,874,849,684,801,712,743,714,799,686,861,878,431,936,933,806,759,1060,664,789,910,754,997,998,524,525,526,916,864,914,747,837,908,844,900,831,892,871,888,841,1076,850,1074,858,667,642,301,643,644,302,284,286,334,292,389,278,138,398,323,401,148,392,204,9,621,229,425,319,85,133,82,222,38,342,30,234,484,101,18,140,329,315,22,212,125,211,23,314,26,338,233,29,341,86,128,357,495,424,640,17,330,126,146,272,298,223,195,7,20,142,226,294,423,184,442,494,448,491,44,95,193,517,521,599,469,583,375,450,417,194,462,257,502,104,250,0
Profit: 787
Time: 37208.3860471

Status: Feasible
BestBound: 1083
BestRestart: 3
RestartTime: 1321.0430182
Iterations: 29423
IterationsTillBest: 13162
TimeOfMath: 1062.667
Arguments: mls 100 1
