Dataset_name: 212u1060_T60_p1_v4
Vehicles: 13
Routes
Route_0: 0,13,16,18,100,101,93,897,898,937,837,835,836,834,821,817,820,819,818,838,848,924,926,896,895,103,0 (15635)
Route_1: 0,1053,1050,1049,1042,1043,1041,36,37,38,53,70,71,67,979,983,985,989,988,987,986,984,982,980,981,973,972,971,969,970,974,975,976,977,978,73,74,75,72,52,51,50,42,41,39,40,34,35,33,32,31,1052,0 (15846)
Route_2: 0,115,114,112,888,907,862,863,219,221,222,231,234,250,248,247,308,312,246,238,236,230,228,224,856,914,905,902,892,0 (15896)
Route_3: 0,17,98,952,929,930,928,934,935,939,832,826,831,829,830,824,825,823,822,833,936,927,92,97,102,15,0 (15900)
Route_4: 0,122,118,116,110,109,903,913,860,857,859,855,853,852,237,239,313,314,307,244,245,243,241,240,841,842,854,920,918,915,901,900,890,889,0 (15900)
Route_5: 0,3,7,126,134,133,884,876,874,875,214,213,212,211,210,209,202,201,203,198,258,261,262,260,259,217,865,879,113,119,128,123,8,0 (15101)
Route_6: 0,14,107,96,891,925,923,922,850,849,847,846,845,844,840,242,839,843,851,921,919,917,916,899,894,893,94,95,106,105,104,0 (14020)
Route_7: 0,2,1,5,137,138,139,140,143,141,142,147,146,148,149,150,151,156,157,158,159,160,161,162,163,169,170,175,174,176,177,178,179,184,185,186,187,191,192,190,189,188,183,182,181,180,173,172,171,168,167,166,165,164,155,154,153,152,145,144,132,135,136,6,4,0 (15581)
Route_8: 0,125,129,130,131,886,878,877,873,869,867,866,205,204,193,194,197,196,195,266,199,200,206,207,208,216,215,868,870,871,872,885,883,127,124,0 (15896)
Route_9: 0,1058,10,29,28,27,25,46,47,82,81,77,79,958,959,956,963,965,947,944,945,946,948,949,957,78,88,87,85,84,83,22,21,20,11,9,0 (12183)
Route_10: 0,1056,1054,1048,1047,1045,1044,1037,1036,1035,1034,1032,1031,1030,60,59,61,62,63,64,65,1017,1018,1027,1026,1020,1025,1021,1024,1023,1022,1006,1005,1004,1003,1002,1008,1007,1009,1019,1010,1011,1016,1015,1012,1014,1013,1000,999,1001,998,997,996,995,994,993,992,991,990,66,68,69,54,58,57,55,56,1033,1038,1039,1040,1046,1051,1055,1057,0 (15413)
Route_11: 0,1059,12,19,99,86,91,90,89,955,954,950,951,953,931,932,933,940,827,828,941,943,942,966,967,968,962,961,960,80,76,48,49,43,44,45,23,24,26,30,0 (15876)
Route_12: 0,121,117,108,904,906,912,911,861,858,225,226,227,229,235,249,251,252,257,233,232,223,220,218,864,910,909,908,880,881,882,887,111,120,0 (15290)
Profit: 0
Time: 1799.8568815

Total distance: 198537
Unserved customers:  (0)
Arguments: VRP LS 30 0 0
