Dataset_name: 217vm1084_T100_p1_v2
Vehicles: 4
Routes
Route_0: 0,259,256,582,447,375,369,441,171,168,589,387,106,108,110,112,115,114,117,590,119,481,293,483,294,226,142,20,145,7,195,223,298,146,272,276,287,211,23,619,314,26,338,233,29,37,221,81,132,84,41,318,230,218,344,158,10,205,393,622,149,402,324,290,365,359,646,316,645,304,336,283,268,378,390,279,399,485,289,137,196,150,403,325,394,391,623,379,280,400,181,291,199,136,496,159,493,11,206,190,231,479,343,217,358,40,317,83,131,80,220,641,36,288,141,28,232,620,340,99,337,25,313,24,443,492,495,357,128,86,100,237,17,330,640,424,478,213,189,143,227,5,432,423,184,442,494,448,491,477,44,95,626,193,517,521,599,583,175,508,450,417,194,462,0 (55838)
Route_1: 0,61,607,60,579,62,634,580,608,368,581,373,603,635,346,349,527,348,528,529,518,519,615,604,170,584,169,588,616,605,585,610,105,586,109,111,617,113,116,611,118,121,120,587,426,427,429,480,482,320,321,8,275,326,21,139,125,212,22,332,27,315,329,140,18,101,484,129,234,30,339,342,38,222,82,133,85,333,319,219,345,157,425,229,621,9,204,392,148,282,300,401,323,398,138,278,389,377,292,335,303,302,644,643,301,642,667,858,1074,850,1076,841,888,871,285,286,284,334,270,267,892,831,900,844,908,837,747,914,864,916,526,525,524,998,997,754,910,789,664,1060,759,806,933,431,936,878,861,266,686,799,714,743,712,801,684,849,874,876,299,130,281,839,741,677,809,715,725,811,669,675,870,857,868,830,430,265,672,793,738,748,794,671,842,866,833,835,848,663,802,752,750,804,661,862,845,970,428,932,969,935,918,972,934,937,1037,776,735,734,1039,1053,733,732,1057,977,731,730,975,967,728,709,688,963,721,1063,782,1036,992,1049,1038,995,1045,609,1052,987,766,1035,1056,773,767,993,943,941,1000,681,999,881,879,770,702,947,1069,1062,1048,986,959,949,897,1044,1034,1033,953,945,928,785,783,894,957,951,1081,779,777,1051,982,955,727,826,824,822,820,658,816,814,813,819,700,883,930,980,1030,902,1032,708,699,961,989,1078,922,1068,706,698,939,829,984,1040,912,1050,705,697,965,771,904,924,896,704,1008,1064,691,722,717,788,1066,1007,1017,1019,689,1011,855,757,1021,756,853,1010,885,737,1002,694,1009,680,1001,852,1025,678,828,1023,891,797,884,353,262,305,530,354,31,34,542,306,531,33,543,309,311,308,545,152,312,546,532,355,544,307,151,153,547,539,540,263,541,69,371,70,56,606,71,264,633,73,58,72,57,74,59,468,372,78,0 (63944)
Route_2: 0,250,104,244,249,576,380,241,253,459,185,251,453,444,653,501,650,245,248,374,396,76,577,242,254,258,261,2,381,252,652,246,500,412,247,243,578,64,255,409,651,506,173,573,397,436,67,382,413,511,415,410,454,551,437,445,1015,729,710,687,940,720,1014,991,899,781,1029,895,996,923,988,925,765,768,994,903,906,682,880,1028,703,769,475,68,65,701,659,913,985,1079,827,825,823,821,385,905,1080,817,981,1031,926,815,414,239,238,812,818,898,979,882,707,1041,990,719,723,692,1065,92,384,91,90,1067,726,718,983,690,772,787,758,1016,1018,854,1020,1006,538,561,562,557,554,555,156,155,558,559,52,51,537,536,693,736,679,1005,1004,696,890,796,1024,1022,1003,533,535,55,534,362,214,54,695,567,564,363,122,215,568,565,123,200,178,632,102,629,514,497,350,593,50,89,503,47,97,177,631,628,88,504,513,103,498,63,240,351,408,592,435,49,474,383,46,560,556,201,202,310,154,563,53,364,216,566,569,124,630,203,45,48,87,627,96,411,176,395,505,591,512,75,649,77,499,420,352,0 (61094)
Route_3: 0,188,257,597,465,624,179,509,418,463,471,451,79,94,43,107,466,19,183,486,404,322,388,295,470,6,198,464,277,618,452,639,147,180,449,328,210,127,331,16,236,656,235,614,602,637,596,487,405,638,657,39,406,473,187,207,407,208,489,488,490,548,209,549,550,160,271,161,367,269,366,360,361,163,164,648,165,134,647,135,15,13,745,12,666,859,1075,166,764,851,744,1077,763,872,840,889,762,162,893,832,761,1013,901,838,915,791,1061,1012,909,911,971,974,973,774,786,843,865,917,746,978,921,784,755,760,976,790,780,665,968,807,778,964,860,877,798,887,685,713,742,1083,711,800,1073,683,1071,749,920,676,808,1059,716,740,875,1055,724,873,810,668,1047,674,869,856,1043,739,673,944,792,942,867,753,886,948,795,960,1082,1072,950,834,954,1070,1058,836,946,636,446,958,1054,1046,803,952,956,847,1042,751,1027,662,805,927,863,907,929,846,962,660,938,919,476,966,775,670,931,1026,570,439,571,434,3,416,572,594,600,612,455,296,461,225,458,274,655,595,440,601,613,472,356,467,273,297,224,144,228,419,4,186,433,182,422,552,42,93,515,191,575,523,510,460,376,516,192,370,522,625,167,172,386,598,520,574,421,438,35,347,174,507,66,456,197,1,260,654,502,0 (64106)
Profit: 0
Time: 1800.9913716

Total distance: 244982
Unserved customers:  (0)
Arguments: VRP LS 30 0 0
