Dataset_name: 26bier127_T80_p1_v2
Vehicles: 4
Routes
Route_0: 0,104,105,5,23,22,3,21,18,71,73,72,67,69,68,74,75,78,79,30,26,37,38,41,33,42,39,34,35,36,15,0 (16481)
Route_1: 0,12,114,49,120,55,4,51,123,54,65,112,64,98,91,88,124,103,58,61,59,115,89,60,90,57,63,99,2,9,119,6,0 (28033)
Route_2: 0,14,107,19,16,20,17,76,77,116,83,80,125,82,81,118,95,108,87,86,85,84,109,70,66,7,8,10,113,0 (26241)
Route_3: 0,1,50,56,53,43,102,44,47,117,52,46,48,45,111,110,93,92,94,122,96,27,121,31,28,32,24,25,29,40,13,11,0 (28653)
Profit: 0
Time: 1800.1256512

Total distance: 99408
Unserved customers:  (0)
Arguments: VRP LS 30 0 0
