Dataset_name: 40krob200_T100_p2_v3
Vehicles: 9
Routes
Route_0: 0,24,51,163,49,158,117,185,0 (4371)
Route_1: 0,122,9,67,110,188,52,169,148,69,197,38,39,189,116,193,4,131,61,25,68,48,85,20,0 (4199)
Route_2: 0,145,71,36,183,172,138,87,22,21,170,190,153,114,0 (4330)
Route_3: 0,45,168,53,162,176,142,103,54,115,57,8,0 (4333)
Route_4: 0,6,83,42,105,184,195,33,0 (4366)
Route_5: 0,173,11,34,171,156,130,198,144,65,132,3,113,167,177,60,70,160,0 (4367)
Route_6: 0,56,59,88,181,82,86,164,73,93,179,175,26,0 (4362)
Route_7: 0,107,165,137,133,180,29,74,149,100,99,55,80,178,112,78,187,46,140,64,123,126,79,19,37,151,89,0 (4240)
Route_8: 0,141,72,84,121,92,10,2,157,27,128,90,96,75,98,7,28,135,58,174,166,31,106,97,94,0 (3847)
Profit: 0
Time: 1799.8069507

Total distance: 38415
Unserved customers: 5 143 152 159 192  (5)
Arguments: VRP LS 30 0 0
