Dataset_name: 45tsp225_T80_p1_v2
Vehicles: 10
Routes
Route_0: 0,10,11,12,23,207,24,25,203,27,28,29,34,32,33,35,36,37,9,0 (629)
Route_1: 0,8,38,31,205,201,76,78,80,79,77,216,218,215,30,39,0 (617)
Route_2: 0,96,94,208,220,93,95,97,75,0 (645)
Route_3: 0,199,197,196,217,192,195,191,190,204,188,26,187,46,224,189,132,198,223,47,44,45,3,0 (523)
Route_4: 0,6,73,99,100,91,92,98,74,40,7,0 (645)
Route_5: 0,42,54,55,62,109,63,60,57,56,43,0 (632)
Route_6: 0,48,206,1,115,222,114,113,112,110,111,61,59,58,50,49,2,0 (640)
Route_7: 0,4,41,71,72,70,101,103,219,68,69,52,5,0 (613)
Route_8: 0,51,66,107,108,64,65,0 (645)
Route_9: 0,104,106,105,67,53,0 (645)
Profit: 0
Time: 1799.9975195

Total distance: 6234
Unserved customers: 82  (1)
Arguments: VRP LS 30 0 0
