Dataset_name: 53pr264_T80_p1_v3
Vehicles: 5
Routes
Route_0: 0,38,34,30,29,24,23,18,72,71,74,73,17,12,76,77,11,6,80,79,90,89,88,93,92,91,78,75,96,95,98,97,102,103,70,69,68,65,64,35,0 (7653)
Route_1: 0,42,43,44,45,48,47,46,51,50,49,55,52,53,54,126,125,127,124,123,122,121,57,56,58,41,40,0 (6502)
Route_2: 0,36,62,115,116,117,112,113,110,111,106,105,100,129,130,131,94,99,101,104,107,108,67,66,109,114,63,61,37,0 (7460)
Route_3: 0,31,28,25,22,19,16,13,10,7,4,5,81,82,85,86,87,84,83,1,2,3,8,9,14,15,20,21,26,27,32,33,0 (7747)
Route_4: 0,39,128,118,119,120,59,60,0 (3047)
Profit: 0
Time: 1801.0691276

Total distance: 32409
Unserved customers:  (0)
Arguments: VRP LS 30 0 0
