Dataset_name: 56a280_T60_p1_v4
Vehicles: 9
Routes
Route_0: 0,258,257,256,277,278,0 (162)
Route_1: 0,3,260,259,0 (146)
Route_2: 0,242,244,245,243,0 (132)
Route_3: 0,231,230,0 (162)
Route_4: 0,279,249,250,229,246,0 (157)
Route_5: 0,240,238,237,236,239,241,1,0 (162)
Route_6: 0,272,273,274,275,276,0 (155)
Route_7: 0,4,5,8,10,9,7,6,0 (160)
Route_8: 0,2,255,254,248,247,0 (159)
Profit: 0
Time: 1799.9176002

Total distance: 1395
Unserved customers: 11 12 13 14 227 228 253 271  (8)
Arguments: VRP LS 30 0 0
