Dataset_name: 88pr439_T100_p2_v2
Vehicles: 5
Routes
Route_0: 0,148,185,225,226,228,227,282,283,343,342,341,372,370,371,382,381,383,393,394,392,396,395,397,398,391,390,380,374,373,340,281,280,229,186,52,50,51,0 (17853)
Route_1: 0,2,48,46,55,81,80,79,78,85,86,278,277,276,275,274,273,272,299,298,297,296,295,294,293,338,337,336,335,334,333,332,364,365,366,401,403,404,416,417,427,428,430,415,414,399,400,387,386,385,384,377,367,368,363,362,361,360,359,369,358,357,355,354,356,292,291,290,289,288,287,54,47,1,0 (28407)
Route_2: 0,3,5,6,7,8,9,10,11,12,13,14,15,16,31,29,27,24,22,23,21,20,19,18,17,94,95,96,97,98,124,122,123,125,126,128,127,129,130,131,132,166,167,169,168,165,164,163,162,161,133,134,135,136,159,160,174,175,203,173,172,171,170,207,206,205,204,202,201,200,199,198,177,176,158,157,137,138,139,140,141,115,117,114,116,119,118,120,121,100,99,93,92,91,101,90,89,88,87,71,70,69,68,67,66,65,64,25,26,28,30,32,33,34,35,36,39,40,4,0 (24674)
Route_3: 0,45,44,42,37,57,58,59,60,61,62,72,73,108,107,106,105,104,103,102,113,112,142,149,150,151,152,153,154,155,156,178,179,180,181,182,191,183,190,192,193,194,195,196,197,215,214,213,212,211,210,209,249,250,208,252,251,248,247,246,245,244,243,242,241,259,260,261,262,263,306,307,308,309,310,311,312,313,258,257,256,255,254,253,315,314,316,317,318,319,320,321,322,323,324,325,326,327,328,330,331,329,302,300,301,303,304,305,264,265,266,267,268,269,270,271,232,233,234,235,236,237,238,239,240,216,217,218,219,220,221,222,223,189,184,144,147,146,143,145,111,110,109,74,75,76,77,56,38,41,43,0 (30020)
Route_4: 0,49,53,188,230,231,279,284,285,286,339,344,345,347,346,348,351,353,352,350,349,376,375,379,378,388,389,405,406,412,411,422,421,423,425,424,409,410,408,407,402,433,437,436,435,434,438,84,83,82,0 (27269)
Profit: 0
Time: 1822.7608413

Total distance: 128223
Unserved customers:  (0)
Arguments: VRP LS 30 0 0
