ABS1_50_1.DAT 0 0 0 0 0 0 0 0 0 0 0 0 0 0 0 0 0 0 0 0 0 0 0 0 0 0 0 0 0 0 0 0 0 0 0 0 0 0 0 0 0 0 0 8 0 0 0 0 0 0 0
ABS2_50_1.DAT 712 0 0 0 0 0 1 0 0 0 0 0 0 0 0 0 0 0 0 6 19 14 0 0 0 0 0 0 0 0 0 0 0 0 11 0 0 0 0 0 0 0 0 8 0 0 0 0 0 0 0
ABS3_50_1.DAT 0 0 0 0 0 0 0 0 0 0 0 0 0 1 0 0 0 0 0 0 0 0 0 0 0 0 0 0 0 0 0 0 0 13 0 0 0 0 0 0 7 0 0 0 0 0 0 0 0 0 0
ABS4_50_1.DAT 0 10 15 15 7 17 16 22 13 19 22 19 21 19 19 5 22 15 14 6 19 14 18 18 8 23 22 22 15 7 14 24 9 23 11 15 22 13 14 21 12 9 24 8 17 17 5 5 20 19 11
ABS5_50_1.DAT 149 10 15 15 0 13 16 9 0 0 22 19 21 19 19 5 0 15 14 6 19 14 18 18 8 23 22 22 15 7 14 0 9 13 11 15 22 0 0 21 12 9 0 8 17 17 5 5 20 19 11
ABS6_50_1.DAT 314 13 0 15 0 13 0 22 0 0 22 19 0 19 19 5 22 15 14 6 19 14 18 18 8 0 22 22 0 7 14 0 9 13 0 15 0 0 0 0 1 0 0 0 0 14 2 0 20 19 11
ABS7_50_1.DAT 0 10 15 15 7 15 16 22 13 19 22 19 21 20 19 5 22 15 14 6 19 14 18 18 8 23 22 22 15 7 14 24 9 13 11 15 22 13 14 21 12 9 24 8 17 22 5 5 20 19 11
ABS8_50_1.DAT 455 10 0 16 0 13 16 22 0 0 22 19 0 39 57 5 0 45 14 18 19 14 18 0 8 0 22 0 5 7 14 0 9 15 0 15 0 0 0 0 0 0 0 0 0 26 0 0 0 19 11
ABS9_50_1.DAT 311 10 0 15 0 39 16 22 0 0 22 19 5 65 19 5 0 15 15 6 19 14 18 18 8 3 31 22 18 7 14 0 9 13 0 15 0 0 0 0 29 0 24 0 0 17 0 0 3 57 11
ABS10_50_1.DAT 0 10 15 16 7 13 16 22 13 19 22 19 21 19 19 5 22 15 14 6 19 14 18 18 8 23 22 22 15 7 14 24 9 13 11 15 22 13 14 21 12 9 24 8 17 24 5 5 20 19 11
ABS11_50_1.DAT 0 10 15 15 7 13 16 22 13 19 22 19 21 76 19 5 22 15 14 6 19 14 18 18 8 23 22 22 16 7 14 24 13 13 11 15 22 13 14 21 12 9 24 8 17 17 5 5 20 19 11
ABS12_50_1.DAT 0 10 15 15 7 13 16 22 13 29 22 19 23 19 19 7 22 15 14 6 19 14 18 18 8 23 22 22 23 7 14 24 9 14 11 15 22 13 14 21 13 9 35 8 17 17 16 5 20 19 11
ABS13_50_1.DAT 599 0 0 15 0 13 0 0 0 0 0 19 0 0 0 5 0 0 14 6 0 14 18 0 8 0 0 0 0 7 14 0 0 13 0 0 0 0 0 0 0 0 0 0 0 0 0 5 0 19 11
ABS14_50_1.DAT 677 0 0 15 0 0 0 0 0 0 22 19 0 0 19 0 0 15 0 6 19 14 0 18 8 0 0 0 0 0 0 0 0 3 11 0 0 0 0 0 0 0 0 8 0 1 0 0 0 0 0
ABS15_50_1.DAT 584 20 0 0 7 16 0 0 0 0 0 19 0 34 19 0 0 15 0 6 19 0 18 0 8 0 3 3 0 0 0 0 0 26 11 15 0 0 0 21 0 0 0 8 0 0 0 0 20 24 0
ABS16_50_1.DAT 0 16 15 15 7 13 16 22 13 19 22 19 21 53 19 5 30 15 14 6 19 14 18 18 8 23 22 22 15 7 14 24 9 13 11 15 22 13 14 21 12 9 24 8 17 17 5 5 20 19 11
ABS17_50_1.DAT 0 10 15 15 7 26 25 22 13 19 22 19 21 19 19 5 22 15 14 6 19 14 18 18 8 23 22 22 15 7 14 24 9 39 11 15 22 13 14 21 36 9 24 8 17 17 5 5 20 19 11
ABS18_50_1.DAT 320 10 15 15 7 13 16 0 0 0 23 19 0 0 19 5 0 15 14 8 19 14 18 18 8 0 22 22 0 0 14 0 9 13 0 15 0 0 0 21 2 9 0 0 17 0 1 5 20 19 11
ABS19_50_1.DAT 0 10 15 15 7 13 32 22 13 19 22 19 21 20 19 5 22 15 14 24 19 14 18 18 8 44 22 22 15 14 14 24 9 26 11 15 22 13 14 21 24 9 24 8 17 19 20 5 40 95 11
ABS20_50_1.DAT 0 20 30 30 14 26 36 44 26 38 44 38 42 95 55 10 44 30 28 16 38 28 36 36 16 48 44 44 34 14 28 48 18 26 22 30 44 34 28 42 28 18 48 16 34 34 10 10 40 95 22
ABS21_50_1.DAT 322 10 0 15 0 17 0 22 0 18 22 19 12 36 19 15 22 15 19 6 57 42 18 18 8 1 22 22 15 7 14 0 9 39 0 38 22 0 29 0 0 0 1 0 15 51 5 5 12 57 11
ABS22_50_1.DAT 0 10 15 15 7 13 16 22 13 19 23 19 21 60 19 5 22 15 14 6 19 14 18 18 8 23 22 22 32 7 14 24 12 48 11 15 22 13 14 21 12 9 24 8 17 17 5 5 20 19 11
ABS23_50_1.DAT 0 10 15 20 7 13 64 22 13 19 22 33 21 19 19 5 22 15 14 6 19 14 18 18 8 23 22 22 15 7 14 24 9 13 11 15 66 13 14 21 12 9 61 8 18 17 5 5 20 19 11
ABS24_50_1.DAT 0 10 15 15 7 13 55 22 13 19 22 19 21 19 19 5 22 15 14 6 19 14 18 18 8 23 22 22 16 7 14 24 9 52 11 40 22 13 14 21 12 9 24 8 18 17 7 5 28 19 11
ABS25_50_1.DAT 3672 0 0 0 0 13 0 0 0 0 0 19 0 0 0 0 0 0 0 6 19 0 18 0 8 0 0 0 0 7 0 0 0 0 0 0 0 0 0 0 0 0 0 0 0 0 5 0 0 38 0
ABS26_50_1.DAT 2187 0 0 2 7 0 0 0 0 0 0 0 0 0 4 0 0 0 0 6 19 0 0 0 0 0 0 0 0 0 0 0 9 0 11 0 0 0 0 21 0 0 0 8 0 9 0 0 0 0 0
ABS27_50_1.DAT 3717 0 0 0 0 0 0 0 0 0 0 19 0 4 0 0 0 0 0 6 19 0 0 0 0 0 0 0 0 14 0 0 0 0 0 0 0 0 0 0 0 0 0 0 0 8 0 0 0 19 0
ABS28_50_1.DAT 1272 20 0 45 7 26 64 88 13 0 88 0 21 76 38 15 44 60 28 24 28 42 0 72 0 92 44 88 60 28 14 24 36 52 44 60 88 0 0 21 36 9 33 8 13 51 20 5 60 76 11
ABS29_50_1.DAT 1870 20 0 45 14 39 80 33 0 0 110 95 21 95 57 15 0 75 28 30 56 32 90 18 16 80 44 110 58 35 28 24 45 65 9 75 0 0 27 42 36 18 6 0 19 51 25 5 47 95 22
ABS30_50_1.DAT 2250 20 0 45 14 39 80 7 0 19 110 30 0 95 52 10 17 75 0 30 57 42 90 18 8 115 44 110 30 14 0 14 45 51 0 70 0 0 0 42 11 0 3 0 11 32 10 0 0 95 0
ABS31_50_1.DAT 1865 20 15 45 0 39 80 110 0 16 110 19 21 95 57 15 44 75 28 30 47 14 76 18 8 115 44 110 75 7 14 0 45 65 33 75 22 0 0 0 20 9 4 24 63 51 19 5 52 95 11
ABS32_50_1.DAT 2169 20 15 22 14 39 80 33 0 0 110 95 0 95 57 15 0 75 28 30 56 14 90 0 0 40 44 61 58 34 14 0 45 65 34 75 3 0 0 42 36 9 14 24 17 51 25 5 60 0 11
ABS33_50_1.DAT 642 20 17 32 7 39 48 66 3 9 66 57 21 57 57 15 22 45 28 18 57 14 54 18 24 69 44 66 45 19 0 4 27 39 33 45 35 0 14 21 36 15 72 24 51 51 15 5 60 57 0
ABS34_50_1.DAT 873 20 31 45 14 39 80 110 26 95 110 95 55 95 57 15 44 75 28 30 57 42 90 90 24 115 44 110 75 35 24 48 45 65 55 75 110 65 70 42 36 27 120 40 85 51 25 15 60 95 33
ABS35_50_1.DAT 978 20 45 45 0 39 80 110 18 95 110 95 46 95 56 15 44 75 28 30 57 42 90 90 24 115 44 110 75 35 28 48 45 65 55 75 110 24 70 31 36 12 120 19 85 51 25 12 60 95 33
ABS36_50_1.DAT 1034 20 44 38 14 39 80 110 26 95 110 95 0 95 52 15 37 75 28 30 52 42 90 90 24 115 44 110 75 35 28 2 45 65 55 75 76 58 70 42 36 24 120 37 85 51 25 9 60 95 33
ABS37_50_1.DAT 1351 0 0 0 7 26 0 0 0 0 0 0 0 0 0 5 0 0 14 0 0 0 0 0 0 0 0 0 0 0 14 0 0 13 11 0 0 0 0 21 0 0 0 8 0 0 0 5 20 38 11
ABS38_50_1.DAT 690 0 0 0 7 0 0 0 0 0 0 0 0 2 0 0 0 0 0 6 19 0 0 0 0 0 0 0 0 0 0 0 0 0 0 0 0 0 0 21 0 0 0 8 0 0 0 0 0 38 0
ABS39_50_1.DAT 483 10 0 15 7 0 0 4 0 0 22 19 0 0 19 5 0 15 0 6 19 14 0 0 8 0 0 19 0 0 0 0 9 13 11 15 0 0 0 21 0 0 0 8 0 0 0 0 0 38 0
ABS40_50_1.DAT 0 0 0 0 0 0 0 0 0 0 0 0 0 0 0 0 0 0 0 0 0 0 0 0 0 0 0 0 0 0 0 0 0 0 0 0 0 0 0 0 0 0 0 0 0 0 1 0 0 0 0
ABS41_50_1.DAT 1291 10 0 19 7 20 64 2 13 31 88 76 0 76 38 5 44 60 14 24 37 23 65 18 8 92 44 88 60 28 14 0 36 52 44 60 88 31 0 21 36 9 63 32 0 51 15 0 60 76 11
ABS42_50_1.DAT 1898 20 15 15 14 21 80 85 13 0 81 90 22 95 52 15 6 75 28 30 34 14 90 18 8 115 41 110 0 35 14 2 45 65 33 75 0 0 70 38 26 10 24 24 17 51 25 0 60 95 11
ABS43_50_1.DAT 1900 20 15 21 0 39 80 110 0 38 110 19 21 95 57 15 26 75 28 30 57 14 62 18 8 115 44 110 75 7 28 0 45 65 22 75 22 0 0 37 31 20 0 16 17 51 25 5 20 95 22
ABS44_50_1.DAT 723 20 0 15 0 39 48 66 0 4 66 57 63 57 57 5 0 45 0 18 57 7 54 32 8 69 44 66 45 21 0 2 27 39 33 45 66 4 42 0 36 0 40 24 51 51 5 15 60 57 0
ABS45_50_1.DAT 2279 20 0 45 0 39 0 0 13 0 110 24 21 95 52 15 25 75 14 30 34 42 90 77 8 1 44 110 75 2 14 0 45 65 0 75 0 13 0 0 6 0 24 40 11 9 0 0 58 95 11
ABS46_50_1.DAT 913 20 45 45 14 39 80 110 26 95 110 95 63 95 57 15 44 75 28 30 57 42 90 90 24 115 44 110 75 35 28 48 45 65 55 75 110 29 70 42 36 9 120 40 85 51 25 15 60 95 21
ABS47_50_1.DAT 952 18 45 45 14 39 80 110 26 95 110 95 46 95 57 15 44 75 28 30 56 42 69 90 24 115 44 101 75 35 28 48 45 65 55 75 110 48 70 42 36 27 88 40 85 51 25 12 60 95 30
ABS48_50_1.DAT 1183 20 44 38 13 39 80 110 4 76 110 95 0 95 52 0 44 75 3 30 52 42 90 90 24 115 44 110 32 35 0 23 45 65 55 75 76 65 70 42 36 27 120 40 85 51 18 12 60 95 0
ABS49_50_1.DAT 627 0 0 15 0 0 16 0 0 0 0 19 21 5 19 0 0 15 0 6 19 14 18 0 8 0 0 0 0 7 0 0 0 13 22 15 22 13 0 0 12 0 0 16 0 0 0 5 20 19 0
ABS50_50_1.DAT 723 0 0 0 0 39 0 0 0 19 22 0 21 20 19 5 0 15 14 0 19 0 18 0 0 0 0 0 8 21 14 0 0 26 0 0 22 13 0 0 22 9 0 0 0 0 0 0 0 19 11
ABS51_50_1.DAT 0 0 0 11 7 26 16 0 0 0 22 57 0 19 0 5 3 0 14 18 0 14 0 24 24 0 2 0 0 14 14 0 0 15 11 0 0 0 0 0 12 0 0 8 0 0 5 5 20 0 11
ABS52_50_1.DAT 316 10 15 15 7 24 0 22 13 19 22 19 21 33 19 0 22 15 0 18 19 42 18 18 8 23 22 0 15 21 0 24 9 13 0 15 22 13 14 23 0 0 24 0 2 17 5 5 0 57 0
ABS53_50_1.DAT 241 13 15 15 0 13 16 22 0 0 22 19 21 0 19 5 0 15 17 6 57 14 18 18 8 23 24 22 0 7 14 0 9 13 11 15 22 13 0 0 12 9 24 8 17 28 15 5 20 19 33
ABS54_50_1.DAT 0 10 15 18 7 30 54 22 13 19 22 19 21 19 30 5 22 15 25 6 19 14 18 28 8 23 22 22 18 14 14 24 9 13 11 15 22 13 14 31 12 9 24 24 17 17 5 5 20 57 11
ABS55_50_1.DAT 0 0 0 0 0 13 0 0 0 0 0 7 0 0 0 5 0 0 0 18 0 0 0 0 0 0 0 11 0 0 0 0 0 0 0 0 0 0 0 0 0 0 0 0 10 11 0 0 0 0 0
ABS56_50_1.DAT 0 10 15 15 7 13 21 22 13 19 22 55 21 46 19 10 22 15 14 24 19 14 18 18 8 28 22 22 15 28 14 24 36 13 11 15 32 13 14 21 21 9 24 8 26 17 20 5 20 76 11
ABS57_50_1.DAT 0 0 30 0 0 26 47 0 0 8 0 17 0 76 38 0 22 30 2 24 38 28 0 36 0 0 44 68 55 0 0 20 0 26 22 0 0 26 28 3 1 0 0 16 34 34 0 0 40 0 0
ABS58_50_1.DAT 228 20 30 30 14 39 32 44 7 0 44 43 42 0 44 10 0 30 28 12 38 28 43 58 16 46 44 44 75 14 28 48 18 26 55 75 44 0 30 0 24 18 48 40 51 34 10 10 40 95 22
ABS59_50_1.DAT 0 10 15 15 7 13 16 22 13 19 22 19 21 41 19 5 22 32 14 24 19 14 18 18 8 23 22 22 16 7 14 24 9 13 11 15 28 13 14 21 12 9 24 8 17 17 7 5 20 76 11
ABS60_50_1.DAT 0 0 0 0 0 13 0 0 0 15 0 0 0 4 0 0 0 0 0 0 0 0 20 1 0 0 0 0 0 0 0 0 0 39 0 0 1 0 0 0 0 0 0 24 1 4 0 0 2 0 0
ABS61_50_1.DAT 0 10 0 15 0 0 16 0 0 0 17 0 21 0 19 0 0 15 0 18 19 0 0 0 0 0 0 0 0 21 0 4 0 13 11 0 22 0 0 0 12 0 0 8 0 4 0 5 20 95 0
ABS62_50_1.DAT 482 0 0 15 0 7 16 22 13 7 22 19 21 19 50 0 22 15 0 18 19 14 54 18 8 0 0 22 15 7 0 24 9 13 33 15 22 13 0 0 18 9 24 24 17 0 8 5 20 0 0
ABS63_50_1.DAT 291 15 15 0 0 13 20 0 13 19 0 95 21 51 19 15 22 15 15 6 57 0 18 18 16 23 23 22 15 7 14 48 0 65 11 15 22 13 41 0 13 9 24 8 17 17 5 5 51 0 11
ABS64_50_1.DAT 0 0 0 11 0 13 0 0 0 0 0 0 0 0 0 2 0 0 0 0 0 0 0 0 0 0 0 0 0 0 0 0 0 0 0 0 0 0 0 0 0 0 0 1 5 0 0 0 0 0 0
ABS65_50_1.DAT 0 10 15 15 7 13 16 22 13 19 22 28 21 41 19 5 22 15 14 6 19 28 18 18 8 23 22 22 15 7 14 24 9 13 11 15 22 13 17 21 12 9 24 8 17 34 7 5 20 19 11
ABS66_50_1.DAT 161 10 15 20 0 13 34 22 0 19 22 19 21 26 19 5 22 15 14 18 57 14 18 18 8 23 22 22 11 7 14 2 11 26 22 15 22 13 0 0 12 9 0 16 17 17 5 5 40 76 11
ABS67_50_1.DAT 321 10 15 30 14 26 0 22 13 19 22 95 21 19 19 10 22 15 28 12 19 28 90 18 8 0 22 0 15 35 28 24 9 26 0 15 70 13 14 42 36 18 24 0 17 17 0 5 0 19 22
ABS68_50_1.DAT 574 20 0 30 14 39 62 44 0 19 44 76 50 0 23 5 22 15 14 0 19 0 72 25 16 0 44 69 5 7 14 48 18 65 44 19 22 39 56 42 12 0 0 32 10 34 6 5 60 38 11
ABS69_50_1.DAT 322 10 15 1 7 13 32 37 0 26 22 57 21 73 57 5 39 28 14 30 19 14 18 18 0 39 44 53 60 7 14 24 27 52 0 15 0 39 14 21 6 9 0 0 34 17 5 0 22 95 11
ABS70_50_1.DAT 0 20 31 30 14 26 32 44 26 38 44 95 42 95 38 10 44 30 28 12 38 28 36 36 16 46 44 44 44 35 28 48 18 26 22 30 49 26 28 42 24 18 48 40 85 34 10 10 40 38 22
ABS71_50_1.DAT 0 0 0 0 0 0 32 0 0 31 44 38 0 0 0 3 0 0 0 0 0 0 19 1 0 36 0 44 0 14 0 0 0 0 0 19 0 0 0 0 0 0 0 0 0 0 15 0 0 0 0
ABS72_50_1.DAT 0 20 30 45 14 26 32 84 26 38 57 38 42 57 38 13 44 30 28 12 38 28 36 36 23 108 44 45 75 15 28 48 18 65 55 30 44 39 28 42 24 20 61 40 34 36 25 10 43 38 22
ABS73_50_1.DAT 0 0 15 15 0 6 16 0 0 0 22 57 14 57 19 5 0 60 0 0 9 0 0 0 8 0 0 24 15 7 0 0 0 0 0 45 66 39 0 0 0 0 0 0 51 0 15 5 0 0 11
ABS74_50_1.DAT 0 0 0 15 0 13 34 66 0 0 66 0 21 57 19 5 0 0 0 0 0 13 54 54 0 0 0 66 45 21 0 0 27 39 33 45 0 3 42 0 3 0 72 0 0 0 15 0 20 57 11
ABS75_50_1.DAT 0 20 30 30 14 26 80 44 26 95 110 95 63 81 52 15 44 75 28 12 52 28 87 90 17 138 44 44 45 21 28 48 44 78 22 75 60 33 42 42 36 24 74 16 34 34 10 15 60 38 22
ABS76_50_1.DAT 0 0 15 15 0 0 16 22 0 0 0 57 0 47 0 0 0 0 0 18 0 14 72 54 8 0 0 66 60 0 0 0 0 39 33 0 66 39 14 0 0 9 0 24 0 0 0 0 18 0 1
ABS77_50_1.DAT 0 10 15 18 7 26 80 44 13 19 22 76 42 84 37 5 22 75 14 6 38 15 36 18 16 115 22 88 60 28 14 24 9 26 11 60 22 52 61 21 24 9 24 8 34 34 20 10 40 76 22
ABS78_50_1.DAT 0 0 15 15 0 13 64 0 0 38 0 0 0 57 19 5 0 15 0 18 0 14 72 54 8 0 0 1 38 21 0 0 26 39 0 0 0 39 27 0 12 4 72 0 19 0 16 5 20 57 11
ABS79_50_1.DAT 0 0 15 0 0 7 64 22 0 0 66 0 0 76 9 5 0 60 0 0 19 0 18 54 0 92 0 56 0 35 0 24 27 52 44 45 0 52 70 0 12 9 49 32 68 17 20 5 8 76 0
ABS80_50_1.DAT 0 0 15 0 2 11 64 0 0 45 0 57 0 0 0 0 0 45 0 18 0 0 54 54 8 23 0 0 0 21 0 0 0 52 0 0 66 0 56 0 0 9 72 0 0 0 15 0 20 76 9
ABS81_50_1.DAT 156 20 30 30 14 39 32 44 26 76 57 95 42 114 38 15 44 30 28 12 42 28 36 36 23 46 44 44 83 22 28 19 43 65 22 30 99 58 70 42 24 27 48 16 85 34 25 10 60 0 25
ABS82_50_1.DAT 0 0 15 2 0 13 48 0 0 66 0 57 21 0 19 5 0 0 0 18 10 4 72 54 8 69 0 88 0 21 0 0 27 52 0 45 0 52 42 0 0 9 72 0 51 17 0 5 20 57 11
ABS83_50_1.DAT 0 10 15 30 7 13 64 22 13 19 88 19 42 19 33 10 22 15 14 24 24 14 72 72 8 23 22 88 75 28 14 24 9 52 11 60 45 52 56 21 24 14 96 8 17 26 5 10 40 76 22
ABS84_50_1.DAT 0 20 45 37 14 28 32 44 26 71 110 38 47 38 38 10 44 45 28 30 57 42 54 36 21 115 44 110 45 14 28 48 18 65 22 30 91 26 70 42 25 18 61 16 85 34 15 15 60 95 23
ABS85_50_1.DAT 0 20 30 30 14 26 48 66 26 38 44 38 42 38 38 10 44 45 28 12 38 28 54 36 16 69 44 44 30 28 28 48 18 39 33 30 44 39 28 42 24 18 72 16 51 34 15 10 40 57 22
ABS86_50_1.DAT 970 20 45 40 14 39 96 132 26 95 110 95 34 114 57 15 44 90 28 30 56 42 90 90 11 138 44 132 75 42 28 19 45 78 55 75 110 78 84 42 1 27 120 40 85 51 30 15 60 95 33
ABS87_50_1.DAT 0 20 30 30 14 26 32 44 26 38 44 38 42 76 38 10 44 30 28 12 38 28 36 36 16 46 44 44 45 14 28 48 18 39 22 30 44 26 28 42 24 18 48 16 52 34 10 10 40 38 33
ABS88_50_1.DAT 0 20 30 30 14 26 48 66 26 38 44 38 42 57 38 10 44 45 28 12 38 28 54 36 16 46 44 44 45 14 28 48 18 26 22 30 44 39 28 42 24 18 48 16 51 34 15 10 40 38 22
ABS89_50_1.DAT 923 20 45 45 3 39 80 110 26 114 110 95 63 95 56 15 43 75 28 30 57 42 90 90 24 115 44 110 75 35 3 48 45 78 55 75 110 65 70 42 29 27 120 40 85 51 25 15 29 95 33
ABS90_50_1.DAT 928 20 44 45 14 39 80 110 26 95 110 95 63 114 52 15 25 75 28 30 52 42 90 89 24 115 44 110 68 42 28 48 45 65 55 75 110 65 84 42 17 27 120 40 85 51 30 6 45 95 33
ABS91_50_1.DAT 0 20 30 30 14 26 48 66 26 38 44 38 42 38 38 10 44 30 28 12 38 28 36 36 16 69 44 66 45 21 28 48 18 26 22 30 44 26 42 42 24 18 48 16 34 34 20 10 40 38 22
ABS92_50_1.DAT 469 10 30 45 7 13 80 88 13 76 66 57 21 76 57 5 44 60 0 18 57 42 72 54 24 115 22 88 60 28 0 24 27 52 33 45 88 52 56 21 24 18 72 24 68 51 20 5 40 76 11
ABS93_50_1.DAT 785 10 45 23 14 26 80 110 1 95 88 76 29 95 33 15 44 75 14 24 33 28 90 72 16 115 43 110 75 35 28 48 36 65 44 60 88 65 70 42 24 27 96 40 85 37 25 10 40 76 22
ABS94_50_1.DAT 267 10 30 45 7 39 64 88 13 76 66 57 61 76 57 15 44 60 28 18 57 42 72 54 24 92 44 88 63 28 0 24 27 52 33 45 66 52 56 21 36 27 72 24 68 51 20 15 60 57 33
ABS95_50_1.DAT 931 20 45 45 14 39 96 132 26 114 110 95 43 114 56 15 44 90 28 30 57 35 90 77 24 138 44 132 90 42 28 48 45 78 55 75 85 78 84 37 36 27 120 40 102 51 30 15 47 95 33
ABS96_50_1.DAT 206 20 45 45 14 39 48 88 26 57 66 57 63 95 57 10 38 60 14 18 57 42 72 54 24 99 44 88 60 28 14 48 27 65 33 45 66 52 56 42 36 18 72 24 51 51 20 15 60 57 22
ABS1_50_2.DAT 642 0 0 0 0 0 8 0 0 0 0 0 0 0 6 5 0 0 0 7 0 0 11 0 0 0 0 0 0 0 0 0 0 0 0 0 0 0 23 0 0 0 0 0 0 9 0 5 0 0 17
ABS2_50_2.DAT 617 0 0 0 0 0 8 0 0 0 0 13 0 5 0 0 0 0 0 7 0 0 11 0 0 0 0 0 0 0 0 0 13 22 0 0 0 0 23 0 0 0 0 0 0 9 0 5 0 0 0
ABS3_50_2.DAT 675 0 0 0 0 0 3 0 0 0 0 0 0 0 0 5 0 0 0 7 0 0 11 0 0 0 0 0 0 0 0 0 0 0 0 0 7 0 23 0 0 0 0 0 0 9 0 0 0 0 0
ABS4_50_2.DAT 0 16 6 5 9 21 8 20 22 14 19 13 17 25 14 15 20 5 23 7 13 24 11 12 12 21 21 20 6 10 23 24 13 22 17 5 20 22 23 17 19 13 24 11 10 9 15 5 15 14 17
ABS5_50_2.DAT 78 16 6 0 9 21 8 20 22 14 0 13 17 13 15 5 20 5 23 7 13 24 11 0 12 21 19 20 6 10 23 0 13 22 17 0 20 22 23 17 19 0 24 11 10 16 5 5 15 14 17
ABS6_50_2.DAT 0 16 6 5 9 23 8 20 22 14 19 13 17 13 14 5 20 5 23 10 13 24 11 12 12 21 19 20 6 10 23 24 13 22 17 5 20 22 23 17 19 13 24 11 10 9 5 5 15 14 17
ABS7_50_2.DAT 0 16 6 5 9 21 8 20 22 14 19 13 17 13 14 7 20 5 23 7 13 24 11 12 12 21 19 20 6 10 23 24 13 22 17 5 20 22 23 17 19 13 24 11 10 9 5 5 15 14 17
ABS8_50_2.DAT 0 16 6 5 27 21 8 26 22 14 19 26 17 30 15 5 20 5 23 14 13 24 11 12 12 52 19 20 6 10 23 24 13 66 17 5 20 22 23 17 19 13 24 11 10 9 5 5 15 14 17
ABS9_50_2.DAT 145 16 6 5 12 22 24 20 22 0 19 13 0 13 14 15 6 5 0 7 13 24 29 0 12 21 20 20 6 10 0 24 13 22 17 5 7 22 23 17 19 0 24 11 10 9 0 5 15 14 17
ABS10_50_2.DAT 0 16 6 5 9 21 8 20 22 14 19 13 17 15 14 20 20 5 23 7 13 24 11 12 12 21 19 20 6 10 23 24 13 22 17 5 20 22 23 17 19 13 24 11 10 9 5 5 15 14 25
ABS11_50_2.DAT 0 32 12 10 18 65 40 40 44 28 38 26 34 26 28 25 40 21 46 14 26 48 22 24 24 42 38 40 12 20 46 48 26 44 34 10 40 44 46 34 38 26 48 22 20 35 12 10 30 28 34
ABS12_50_2.DAT 0 0 0 0 0 0 0 0 0 0 0 0 0 0 0 0 0 0 0 0 0 0 0 0 0 0 0 0 0 0 0 0 0 0 4 0 0 0 0 0 0 0 0 0 0 0 0 0 0 0 0
ABS13_50_2.DAT 224 16 6 5 9 21 8 20 22 0 19 13 0 14 14 0 0 5 0 7 13 24 11 0 12 0 0 20 6 0 0 24 13 22 17 0 0 22 23 17 19 0 24 11 10 9 0 5 15 14 0
ABS14_50_2.DAT 609 0 0 0 9 0 0 0 0 0 0 13 0 0 0 0 0 0 0 7 0 24 22 0 12 0 0 0 0 0 0 0 0 22 0 0 0 0 23 17 0 0 0 0 0 27 0 5 0 0 0
ABS15_50_2.DAT 476 0 0 0 12 0 8 20 0 0 0 13 0 12 0 5 0 0 0 7 0 24 11 0 12 12 0 0 0 10 0 0 13 8 0 0 0 0 23 17 19 0 0 0 0 9 0 5 15 0 17
ABS16_50_2.DAT 0 16 6 5 9 21 8 20 22 14 19 13 17 13 14 5 20 5 23 7 13 24 11 12 12 21 19 20 6 10 23 24 13 22 17 5 20 22 23 17 19 13 24 11 10 9 5 5 15 14 17
ABS17_50_2.DAT 0 16 6 15 9 21 16 20 22 14 19 13 17 13 24 5 20 5 23 7 13 24 11 12 12 21 19 20 6 10 23 24 13 22 17 5 20 22 23 17 19 13 24 11 10 9 5 5 15 14 17
ABS18_50_2.DAT 0 16 6 5 9 23 8 20 29 14 19 14 17 13 14 5 20 5 23 12 13 24 11 12 12 21 19 20 6 10 23 24 13 22 17 5 20 22 23 17 19 13 24 19 10 25 5 5 15 14 17
ABS19_50_2.DAT 0 16 6 5 9 32 16 20 22 14 19 13 17 14 56 20 20 20 23 7 13 24 44 12 12 21 33 40 6 10 23 24 13 22 17 5 20 22 23 17 19 13 24 11 40 36 5 5 15 14 17
ABS20_50_2.DAT 0 16 6 5 14 23 8 20 22 14 19 13 22 13 14 10 22 5 23 7 13 24 11 12 12 21 19 20 6 10 23 24 13 22 17 5 20 22 23 17 19 13 24 11 10 9 5 5 15 14 17
ABS21_50_2.DAT 0 0 0 0 0 0 8 0 0 0 0 0 0 0 14 5 0 5 0 0 0 0 11 0 0 18 0 0 0 0 0 0 0 0 0 0 0 0 0 0 0 0 0 0 7 9 0 0 0 0 0
ABS22_50_2.DAT 0 46 12 10 18 42 40 40 44 28 38 26 34 26 28 10 40 10 46 14 26 48 22 24 24 42 38 40 12 34 46 48 26 44 34 10 40 44 46 34 38 26 48 22 20 21 10 10 30 28 34
ABS23_50_2.DAT 0 34 12 10 23 44 16 40 44 28 38 26 34 26 28 10 40 25 46 14 26 48 22 24 24 42 38 40 12 20 46 48 26 44 34 10 40 44 46 34 38 26 48 22 20 45 10 10 30 28 34
ABS24_50_2.DAT 0 29 6 16 15 23 9 20 22 14 19 13 17 17 14 20 20 5 23 7 13 24 11 12 12 22 19 20 6 10 32 24 13 22 17 5 20 22 23 17 19 13 24 11 10 36 5 5 15 14 24
ABS25_50_2.DAT 634 0 0 0 0 0 0 0 0 0 0 13 0 0 12 5 0 0 0 7 0 0 11 0 0 0 19 0 0 0 0 0 0 0 0 0 0 0 23 0 0 0 0 0 0 9 0 0 0 0 0
ABS26_50_2.DAT 2927 0 0 5 0 0 0 0 0 0 0 0 0 0 0 0 0 0 0 0 0 0 0 0 0 0 0 0 0 0 0 0 0 0 0 0 0 0 0 0 0 0 0 0 0 0 0 0 0 0 0
ABS27_50_2.DAT 2178 0 0 5 0 0 0 0 0 0 0 0 0 0 0 0 0 0 0 14 0 0 0 0 0 0 0 0 0 0 0 0 0 2 0 0 0 0 0 0 0 0 0 0 0 0 0 0 0 0 0
ABS28_50_2.DAT 0 16 6 5 9 21 8 20 22 14 19 13 17 13 14 5 20 5 23 7 13 24 11 12 12 21 19 20 6 10 23 24 13 22 17 5 20 22 23 17 19 13 24 11 10 9 5 5 15 14 17
ABS29_50_2.DAT 2061 48 6 5 27 100 33 100 44 0 19 26 0 65 70 25 33 25 0 14 13 70 55 0 24 105 38 100 0 29 0 31 1 110 51 0 0 21 23 34 0 0 48 4 50 45 25 12 75 0 0
ABS30_50_2.DAT 0 16 6 5 9 21 8 20 22 14 19 13 17 13 14 5 20 5 23 7 13 24 11 12 12 21 19 20 6 10 23 24 13 22 17 5 20 22 23 17 19 13 24 11 10 9 5 5 15 14 17
ABS31_50_2.DAT 1262 48 30 10 27 100 40 100 44 14 38 26 85 65 70 25 40 25 23 14 26 120 55 12 59 105 38 100 12 50 23 48 39 110 51 11 60 79 46 51 95 26 48 22 50 45 25 25 75 28 45
ABS32_50_2.DAT 1852 27 6 5 27 100 40 100 44 0 19 26 0 65 70 25 16 25 0 14 13 120 55 0 24 105 38 100 0 50 0 31 39 110 51 15 60 21 23 34 95 17 48 4 50 45 25 10 4 0 17
ABS33_50_2.DAT 2069 11 0 0 27 73 40 100 44 0 0 26 0 65 57 25 40 25 0 14 0 33 55 0 0 105 38 100 6 50 0 0 16 110 51 0 60 61 115 0 10 0 48 22 50 45 25 5 16 28 0
ABS34_50_2.DAT 946 48 30 25 22 105 40 100 44 70 0 26 85 65 70 25 40 25 46 14 65 120 55 24 59 105 38 100 30 50 68 15 39 110 51 15 60 110 115 51 95 61 48 22 50 45 25 25 75 28 85
ABS35_50_2.DAT 1047 48 30 2 27 105 40 100 44 70 38 26 85 65 70 25 40 25 30 14 65 120 55 24 60 105 38 100 25 50 14 37 24 110 51 15 60 110 115 41 95 57 48 10 50 45 25 25 75 0 85
ABS36_50_2.DAT 996 48 30 25 27 105 40 100 44 70 38 26 85 65 70 25 40 0 36 14 65 98 55 23 60 105 38 100 0 50 69 48 39 110 51 15 60 110 115 51 94 65 48 4 50 45 25 25 75 3 85
ABS37_50_2.DAT 1899 16 6 10 9 21 8 0 0 0 19 13 17 0 14 0 0 5 0 7 13 24 0 0 12 0 0 0 0 10 0 24 0 22 0 0 0 0 23 17 0 0 0 0 10 0 0 0 0 0 0
ABS38_50_2.DAT 3506 0 0 0 9 0 0 0 0 0 0 13 0 0 4 0 0 0 0 7 0 24 0 0 12 0 0 0 0 0 0 0 0 22 0 5 0 0 23 17 0 0 0 0 0 18 0 5 0 0 0
ABS39_50_2.DAT 483 16 6 0 9 0 0 0 1 0 0 13 0 13 0 5 0 3 0 7 0 24 11 0 12 21 19 0 0 0 0 0 0 22 0 5 0 22 23 17 0 0 0 0 0 9 0 5 0 0 0
ABS40_50_2.DAT 0 16 6 5 9 21 8 20 22 14 19 13 17 13 14 5 20 5 23 7 13 24 11 12 12 21 19 20 6 10 23 24 13 22 17 5 20 22 23 17 19 13 24 11 10 9 5 5 15 14 17
ABS41_50_2.DAT 1875 0 30 0 27 45 40 100 44 14 0 26 0 65 70 25 30 25 0 14 0 70 55 12 24 105 38 65 6 50 23 7 14 110 44 8 17 22 115 34 95 23 48 11 50 45 25 10 64 28 17
ABS42_50_2.DAT 2227 48 6 0 27 57 40 40 44 0 0 26 0 65 70 25 10 25 0 14 0 98 55 9 24 105 38 63 0 50 0 48 16 110 36 0 7 0 23 40 10 0 43 9 25 45 25 25 23 14 0
ABS43_50_2.DAT 1586 48 30 25 27 105 40 100 44 0 38 26 0 65 70 25 0 25 0 14 26 115 55 24 24 105 33 100 12 50 0 48 26 81 51 15 60 53 46 34 95 1 48 22 50 45 25 10 30 28 85
ABS44_50_2.DAT 1616 27 30 10 27 105 40 100 26 14 38 26 17 65 70 25 30 25 0 14 26 120 55 0 60 105 38 100 0 50 23 48 26 110 51 0 8 0 115 34 95 0 48 0 50 45 25 10 40 0 85
ABS45_50_2.DAT 1786 48 0 10 26 101 40 100 10 0 38 26 17 65 51 25 40 25 0 14 28 120 55 24 24 105 38 100 6 50 0 0 39 110 51 15 0 61 115 34 8 30 0 0 50 45 25 25 75 0 10
ABS46_50_2.DAT 907 48 30 25 22 105 40 100 44 70 38 26 85 65 70 25 40 25 23 14 65 120 55 22 59 105 38 92 30 50 69 48 39 110 51 11 60 110 115 51 95 65 48 22 50 45 25 25 75 28 85
ABS47_50_2.DAT 1028 48 30 25 27 105 40 100 44 70 18 26 85 65 70 25 20 25 36 0 65 120 55 24 60 105 38 95 25 50 62 37 24 110 51 10 60 110 115 41 95 65 48 10 50 45 25 25 75 0 85
ABS48_50_2.DAT 0 0 0 0 0 0 0 0 0 0 0 0 0 0 0 0 0 0 0 0 0 0 0 0 0 0 0 0 0 0 0 0 0 0 0 0 0 0 0 0 0 0 0 0 0 0 0 0 0 0 0
ABS49_50_2.DAT 0 16 6 15 9 21 8 20 22 14 19 13 17 13 14 5 20 5 23 7 13 24 11 12 12 21 19 20 6 10 23 24 13 22 17 5 20 22 23 17 19 13 24 11 10 9 5 5 15 14 17
ABS50_50_2.DAT 465 16 6 5 9 21 8 0 0 0 19 13 0 0 35 15 0 5 0 7 39 24 11 0 12 21 0 0 0 0 0 24 0 22 0 5 0 22 23 17 19 13 0 0 10 9 0 15 0 0 17
ABS51_50_2.DAT 161 16 6 15 20 21 8 20 22 0 19 13 17 28 14 5 0 5 0 7 13 24 11 7 12 21 19 20 6 21 0 24 13 22 17 5 0 22 23 17 19 13 25 11 10 45 0 5 15 14 0
ABS52_50_2.DAT 0 16 6 15 9 21 8 20 22 14 19 13 17 23 14 7 20 5 23 7 13 24 11 12 12 21 19 20 6 10 23 24 13 22 17 5 20 22 23 17 19 13 24 11 10 9 5 5 15 14 17
ABS53_50_2.DAT 0 16 6 5 9 21 8 20 22 14 19 13 17 43 14 5 20 5 23 7 13 24 11 12 12 21 19 20 6 10 23 24 13 22 17 5 20 66 23 17 19 13 24 11 10 9 5 5 15 14 17
ABS54_50_2.DAT 0 16 6 5 9 21 8 20 22 14 19 13 17 16 23 5 20 15 23 7 13 24 11 12 12 21 19 20 18 19 24 24 13 22 30 15 22 22 23 17 19 18 24 13 10 22 5 5 15 14 17
ABS55_50_2.DAT 322 32 12 15 18 63 16 100 44 0 38 26 34 26 28 25 0 10 20 14 39 48 55 0 24 43 38 40 12 20 0 48 26 52 34 10 40 44 46 34 38 26 48 22 20 0 0 25 75 28 0
ABS56_50_2.DAT 226 21 12 5 18 21 8 20 22 14 19 26 0 60 70 15 20 23 0 14 13 48 11 0 24 105 27 60 6 10 0 24 13 66 17 5 0 66 46 34 19 13 24 11 16 45 5 5 15 14 0
ABS57_50_2.DAT 161 1 12 21 18 44 16 40 44 0 38 26 57 43 66 25 40 10 46 14 26 48 55 24 24 42 38 40 14 0 46 48 26 44 51 14 40 73 46 34 38 26 48 22 20 45 0 10 30 28 34
ABS58_50_2.DAT 0 14 0 15 8 0 24 60 0 0 0 0 0 0 0 15 0 0 0 0 0 0 33 0 0 0 0 0 0 0 0 0 0 0 0 0 0 0 0 0 0 0 0 0 0 27 15 15 15 0 0
ABS59_50_2.DAT 0 32 12 10 18 42 40 40 44 28 38 26 34 51 28 10 40 10 46 14 26 48 22 24 24 42 38 40 12 44 46 48 26 55 34 10 47 44 48 34 42 26 48 22 20 45 10 10 30 28 34
ABS60_50_2.DAT 0 45 12 21 18 44 16 40 44 56 38 26 82 26 28 10 40 10 46 14 26 48 55 24 24 42 38 40 14 28 46 48 26 80 38 15 43 64 46 34 38 44 48 22 20 45 25 25 34 28 34
ABS61_50_2.DAT 620 0 6 15 9 25 24 80 0 0 19 13 0 0 14 0 0 6 0 7 13 24 55 0 12 29 0 0 0 10 0 24 13 51 0 15 0 0 23 17 57 39 0 0 10 27 0 25 60 0 0
ABS62_50_2.DAT 463 16 0 0 9 0 20 40 0 14 0 13 17 26 0 5 20 0 23 7 0 24 11 12 12 21 19 0 0 10 23 0 26 33 0 5 20 44 23 17 19 13 0 0 0 36 5 10 30 0 17
ABS63_50_2.DAT 0 0 12 0 0 0 24 20 22 0 0 1 0 0 0 5 0 17 0 7 0 0 11 0 0 4 19 0 0 10 23 0 13 10 17 0 0 0 23 0 19 0 24 0 0 18 0 5 15 14 34
ABS64_50_2.DAT 0 16 6 20 9 21 8 57 22 42 19 13 17 13 14 5 20 5 23 7 13 24 11 12 12 56 19 20 11 10 23 24 13 22 34 5 20 22 23 17 19 13 24 11 10 16 5 20 60 14 17
ABS65_50_2.DAT 0 0 6 0 9 0 8 0 0 0 0 13 0 0 0 5 0 4 0 7 0 24 11 0 12 0 0 0 0 0 0 0 0 22 0 0 0 0 23 17 19 0 0 0 0 0 0 5 0 0 0
ABS66_50_2.DAT 0 16 6 5 11 21 12 20 22 14 19 13 17 18 14 5 20 5 23 7 26 24 11 12 12 21 19 49 6 10 23 24 13 22 17 5 20 22 23 18 19 13 24 11 10 36 5 5 15 14 17
ABS67_50_2.DAT 0 48 12 10 18 42 40 40 44 28 38 26 61 65 70 25 40 10 46 14 26 48 22 24 24 105 38 62 12 41 46 48 26 44 50 15 40 110 115 34 95 47 48 22 37 18 25 10 30 28 47
ABS68_50_2.DAT 0 32 20 10 18 42 40 40 44 28 38 26 37 65 52 25 40 10 46 14 26 48 55 24 24 42 38 64 12 20 46 48 26 110 51 15 60 44 46 34 95 46 48 22 20 45 10 10 30 28 34
ABS69_50_2.DAT 0 48 6 5 9 21 40 20 22 28 19 26 44 51 70 25 40 9 46 14 13 48 55 24 24 21 38 20 12 22 23 36 26 72 17 5 40 44 115 34 38 13 24 11 10 18 10 5 19 14 35
ABS70_50_2.DAT 0 32 12 10 18 64 16 87 44 28 38 26 34 26 28 10 40 17 46 14 26 48 22 24 24 42 38 40 12 35 46 48 26 44 46 15 60 44 115 34 95 30 48 22 20 18 10 25 75 28 34
ABS71_50_2.DAT 0 48 12 5 9 21 34 91 44 50 38 26 34 65 28 25 40 10 23 14 13 48 22 16 24 21 38 20 6 50 23 41 13 22 21 5 40 110 115 34 95 13 48 11 20 9 25 25 15 28 17
ABS72_50_2.DAT 0 27 6 5 9 31 27 20 22 47 19 13 68 37 41 5 20 20 23 7 13 24 22 12 12 21 19 20 6 10 33 24 13 50 17 10 22 22 92 17 19 15 24 11 10 18 5 20 15 14 17
ABS73_50_2.DAT 0 27 6 20 18 43 16 100 22 56 19 13 17 65 14 20 20 10 23 7 52 96 55 12 12 84 19 65 24 40 26 24 25 22 34 5 40 110 46 34 19 13 24 11 10 45 20 20 75 14 85
ABS74_50_2.DAT 0 32 30 25 18 42 48 100 44 70 38 26 34 78 28 25 40 25 46 14 26 48 22 24 60 126 38 100 18 34 46 48 26 44 51 10 60 110 115 51 95 65 48 22 50 45 25 25 75 28 100
ABS75_50_2.DAT 0 16 18 0 3 63 32 80 0 56 0 0 46 52 0 0 0 20 0 0 13 72 0 0 48 84 0 60 0 0 23 0 2 66 17 0 20 22 23 17 48 8 0 0 30 0 1 0 15 0 0
ABS76_50_2.DAT 0 48 30 10 18 76 16 40 44 28 38 26 34 78 70 25 40 10 46 14 78 48 55 24 60 105 38 100 12 20 50 48 27 110 51 10 60 110 115 34 71 26 48 22 50 18 25 10 45 28 102
ABS77_50_2.DAT 0 32 12 25 27 105 48 60 44 28 38 26 73 65 84 10 40 10 46 14 65 48 33 24 72 126 38 42 12 27 46 48 26 58 44 15 52 44 46 51 95 26 48 22 50 45 25 10 75 28 51
ABS78_50_2.DAT 0 10 0 0 0 0 24 0 0 42 0 0 51 31 42 0 0 15 0 0 13 72 33 0 36 0 0 11 18 30 23 0 10 0 4 4 0 66 69 17 44 0 0 0 7 0 15 0 45 0 0
ABS79_50_2.DAT 0 48 12 10 27 42 40 40 44 84 38 26 85 65 73 25 40 15 46 14 26 120 55 24 24 105 38 92 12 50 66 48 39 44 50 11 40 110 138 51 95 26 48 22 50 27 10 10 30 28 34
ABS80_50_2.DAT 0 0 18 0 0 0 0 60 0 0 0 0 18 39 0 0 0 20 0 0 39 72 0 0 0 63 0 0 18 30 14 0 0 0 0 2 20 8 69 0 0 0 0 0 16 0 5 15 0 0 0
ABS81_50_2.DAT 0 32 24 5 11 75 32 100 22 28 19 13 68 13 28 20 20 10 23 7 45 24 55 12 24 21 19 37 6 40 36 24 24 88 21 5 20 110 46 34 19 13 24 11 32 18 18 5 15 14 17
ABS82_50_2.DAT 0 32 6 20 9 84 8 20 22 14 19 13 25 52 56 5 20 25 23 7 52 24 44 12 60 105 19 80 6 35 23 24 16 88 33 5 40 110 46 17 19 13 24 11 10 36 20 5 15 14 68
ABS83_50_2.DAT 0 0 0 15 9 0 0 0 0 0 0 0 0 52 0 15 0 15 0 0 52 0 44 0 36 0 0 20 0 6 0 0 0 45 17 5 14 0 0 14 0 39 0 0 0 9 15 0 45 0 0
ABS84_50_2.DAT 0 32 6 5 18 58 32 80 22 70 19 13 17 65 14 5 20 5 23 7 13 96 30 12 48 21 19 20 6 40 33 24 24 88 17 5 20 22 23 34 60 13 24 11 10 9 20 5 15 14 17
ABS85_50_2.DAT 0 0 0 0 0 21 8 20 0 14 0 0 0 21 14 0 0 5 0 0 13 0 11 0 0 21 0 0 0 0 0 0 0 0 0 0 0 22 23 0 0 0 0 0 0 9 0 0 15 0 17
ABS86_50_2.DAT 0 32 12 10 18 63 16 60 44 42 38 26 34 39 28 10 40 15 46 14 26 48 22 24 36 42 38 40 12 20 46 48 26 44 34 10 40 66 69 34 38 26 48 22 20 18 10 10 30 28 34
ABS87_50_2.DAT 1016 43 30 25 20 126 48 120 44 84 38 26 85 65 84 25 40 30 46 14 78 98 66 23 60 126 38 100 29 50 51 48 39 110 33 15 6 132 138 51 95 65 29 22 50 54 25 25 90 28 102
ABS88_50_2.DAT 556 48 24 20 27 105 32 100 44 70 19 26 68 52 70 20 40 20 46 14 65 96 44 24 48 105 38 80 24 40 69 48 38 88 51 15 60 110 115 51 76 52 48 22 40 45 20 20 75 28 85
ABS89_50_2.DAT 0 32 12 10 18 42 16 40 44 28 38 26 34 26 28 10 40 10 46 14 26 48 22 24 48 42 38 40 12 20 46 48 26 44 34 10 40 44 46 34 38 26 48 22 20 18 10 10 30 28 51
ABS90_50_2.DAT 937 48 30 25 20 126 48 120 25 84 38 8 85 65 84 25 40 30 46 14 78 120 66 24 72 105 38 100 23 50 69 48 39 110 33 12 60 132 138 51 94 65 48 22 50 54 25 25 90 28 102
ABS91_50_2.DAT 0 32 12 10 18 63 16 40 44 42 38 26 34 39 28 10 40 10 46 14 39 48 33 24 24 63 38 40 12 20 46 48 26 44 34 10 40 66 69 35 38 26 48 22 29 27 10 10 30 28 34
ABS92_50_2.DAT 0 16 6 5 9 42 16 40 22 28 19 13 17 26 39 5 20 5 23 7 26 24 33 12 12 42 19 20 6 16 23 24 13 22 17 5 20 44 69 17 19 26 24 11 10 27 5 5 15 14 51
ABS93_50_2.DAT 1178 48 30 25 20 105 40 100 28 70 28 26 0 65 70 25 27 25 46 14 0 98 55 23 60 105 38 100 29 50 51 48 39 110 30 15 57 132 115 51 95 34 48 22 50 45 25 25 75 28 102
ABS94_50_2.DAT 0 0 0 0 0 21 8 20 0 14 0 0 0 13 14 0 0 5 0 0 13 0 11 0 12 21 0 0 0 0 0 0 0 0 0 0 0 22 23 0 0 0 0 0 0 9 0 0 15 0 17
ABS95_50_2.DAT 0 16 6 5 9 42 16 40 22 14 19 13 17 26 14 5 20 10 23 7 26 24 11 12 24 21 19 20 6 10 23 24 13 22 17 5 20 44 46 17 19 13 24 11 10 18 5 5 30 14 17
ABS96_50_2.DAT 0 32 12 10 18 63 16 60 44 42 38 26 34 26 28 10 40 15 46 14 39 48 22 24 36 63 38 40 12 21 46 48 26 44 34 10 40 66 69 34 38 26 48 22 20 27 10 10 30 28 51
ABS1_50_3.DAT 598 0 0 0 0 0 0 0 0 0 0 7 0 0 0 0 18 0 0 8 7 0 5 0 0 0 0 18 0 0 0 0 0 11 0 0 0 0 0 0 0 0 0 0 0 0 0 5 0 8 0
ABS2_50_3.DAT 0 0 0 0 0 0 0 0 0 0 0 0 0 0 0 0 0 0 0 0 0 0 0 0 0 0 0 0 0 0 0 0 0 0 0 0 0 0 0 0 0 0 0 0 0 0 0 0 0 0 0
ABS3_50_3.DAT 481 0 0 0 11 9 3 0 0 0 21 7 13 2 9 0 0 16 4 8 0 0 5 5 0 0 0 18 10 0 0 24 0 11 0 0 0 0 0 13 0 0 0 14 0 0 0 5 0 8 0
ABS4_50_3.DAT 0 22 17 15 11 9 19 24 11 8 17 7 13 7 9 6 18 16 12 8 7 14 5 5 16 19 16 18 17 13 12 24 17 11 23 15 17 11 13 13 6 17 24 21 22 23 5 5 11 8 24
ABS5_50_3.DAT 212 22 17 15 11 9 19 17 11 0 17 7 13 7 2 6 0 16 12 8 0 0 0 5 16 19 0 18 17 13 12 24 0 0 23 0 0 0 0 13 0 0 24 14 22 21 5 0 0 8 24
ABS6_50_3.DAT 0 22 17 15 11 9 19 17 11 8 17 7 13 7 9 6 18 16 12 8 7 14 5 5 16 19 16 18 17 13 12 24 17 11 23 15 17 11 13 13 6 17 24 14 22 21 5 5 11 8 24
ABS7_50_3.DAT 0 22 17 15 11 18 19 17 11 8 17 7 13 7 9 6 18 20 12 15 7 14 5 10 16 19 16 18 17 13 12 48 17 11 23 15 17 11 13 13 6 17 24 14 22 21 5 5 11 8 24
ABS8_50_3.DAT 0 44 34 30 22 18 52 34 22 16 34 14 26 14 18 12 54 32 24 16 14 50 10 10 32 38 32 36 34 26 24 48 34 36 57 30 34 22 26 26 12 34 48 28 44 42 10 10 22 40 48
ABS9_50_3.DAT 321 6 0 15 0 9 20 17 11 0 33 7 39 21 9 0 25 16 13 8 0 0 5 5 16 19 16 18 51 13 0 24 0 11 66 0 0 11 0 39 4 0 25 14 0 21 5 15 11 8 24
ABS10_50_3.DAT 0 0 0 0 0 0 0 0 0 0 1 0 0 0 0 0 0 0 0 0 0 0 0 0 0 0 0 0 0 0 0 0 0 0 69 0 0 0 0 0 0 0 0 0 0 0 0 0 0 0 0
ABS11_50_3.DAT 0 0 0 0 0 0 0 7 0 0 0 0 0 0 0 0 18 0 0 7 0 5 0 0 0 0 0 0 0 0 0 0 0 1 69 0 0 0 0 0 0 0 0 1 0 0 0 0 0 24 0
ABS12_50_3.DAT 132 44 34 30 22 18 39 34 22 16 34 14 37 14 18 12 36 69 24 16 14 28 10 0 32 42 32 36 34 26 24 48 0 22 46 30 26 22 24 40 12 34 48 12 0 42 0 10 22 16 48
ABS13_50_3.DAT 0 0 0 0 0 0 0 0 0 0 4 0 0 7 0 0 0 0 0 0 7 0 0 0 0 0 0 0 0 0 0 0 0 0 0 0 0 0 0 0 0 0 0 0 0 0 0 0 0 0 0
ABS14_50_3.DAT 428 0 0 0 0 9 0 0 0 8 0 7 0 7 0 0 18 0 12 9 7 14 5 5 0 0 0 18 0 13 0 24 17 11 0 0 0 0 0 0 0 17 24 14 0 0 0 5 11 8 0
ABS15_50_3.DAT 621 0 0 0 11 9 0 0 0 0 0 7 13 0 9 0 0 16 6 0 0 0 0 5 0 0 0 0 0 0 0 24 0 0 0 0 0 0 0 13 0 0 0 14 0 0 0 5 11 24 0
ABS16_50_3.DAT 0 22 17 15 11 9 19 17 11 8 17 7 13 7 9 6 18 18 12 8 7 14 5 5 16 19 16 18 17 13 12 24 17 11 23 15 17 11 13 13 6 17 24 14 22 21 5 5 11 8 24
ABS17_50_3.DAT 0 22 17 15 11 9 19 17 11 8 17 7 13 7 9 6 18 16 12 8 7 14 5 5 16 19 16 18 17 13 12 24 17 11 23 15 17 11 13 13 6 17 24 14 22 21 5 5 11 24 24
ABS18_50_3.DAT 0 22 17 15 11 9 19 17 11 8 17 7 13 7 9 6 18 16 12 22 7 14 5 5 16 19 16 18 17 13 12 24 17 11 23 15 17 11 13 13 6 17 27 14 22 21 9 5 11 8 24
ABS19_50_3.DAT 0 44 34 30 22 18 39 85 22 16 45 35 26 14 18 12 36 32 24 16 14 28 25 10 32 38 32 36 34 26 24 48 34 55 113 30 34 22 26 55 12 34 48 28 44 42 10 25 22 16 48
ABS20_50_3.DAT 0 22 17 15 11 9 19 34 11 8 17 7 13 7 9 6 18 16 12 8 7 14 5 5 16 19 16 18 17 13 12 24 17 11 44 15 17 11 13 13 6 17 24 14 22 21 5 5 11 8 25
ABS21_50_3.DAT 0 22 17 15 11 9 20 17 11 8 67 7 17 7 18 6 18 29 12 8 7 24 5 5 16 19 16 18 34 13 15 24 17 11 23 15 17 11 13 13 6 17 54 19 22 21 5 10 11 8 48
ABS22_50_3.DAT 0 44 34 30 22 18 38 34 22 16 78 14 26 14 18 12 38 32 24 16 14 28 10 10 32 40 32 36 51 26 24 48 34 22 46 30 34 22 26 40 12 34 48 28 44 42 10 10 22 16 48
ABS23_50_3.DAT 0 22 24 15 11 9 19 17 11 8 68 28 13 7 9 6 18 16 12 8 7 14 5 5 22 19 16 18 34 13 12 24 17 11 23 15 17 11 13 13 6 17 29 37 22 21 5 5 11 8 34
ABS24_50_3.DAT 0 0 38 0 0 9 0 0 0 0 46 0 0 0 0 12 0 0 0 0 0 0 0 4 0 0 0 0 0 0 0 0 0 0 0 0 0 0 10 29 0 0 0 0 0 0 0 0 0 0 0
ABS25_50_3.DAT 623 0 0 0 0 0 0 0 0 0 0 0 0 0 9 0 0 16 0 0 7 0 5 0 0 0 0 0 0 0 0 0 0 11 0 0 0 0 0 0 6 0 0 0 0 0 0 0 0 8 0
ABS26_50_3.DAT 1958 0 0 0 0 9 0 0 0 0 0 0 0 7 0 6 0 0 0 0 0 0 10 5 0 0 0 0 0 0 0 24 0 22 0 0 0 0 0 0 0 0 0 14 0 0 0 0 0 0 0
ABS27_50_3.DAT 1918 0 0 0 11 9 2 0 0 0 0 0 9 0 0 0 0 0 0 16 0 0 5 5 0 0 0 0 0 0 0 24 0 11 3 0 0 0 0 13 0 0 0 14 0 0 0 0 0 16 0
ABS28_50_3.DAT 1583 110 41 30 31 27 95 85 22 8 85 14 65 35 23 0 44 80 24 40 7 70 5 10 0 51 32 36 51 39 0 48 17 55 95 0 7 55 0 65 30 17 120 70 0 42 0 10 11 40 0
ABS29_50_3.DAT 1581 110 82 30 11 18 95 85 22 0 85 27 65 35 27 30 35 80 7 40 0 70 25 10 16 19 27 18 51 39 12 48 0 55 101 0 0 55 4 65 2 0 120 70 22 42 5 5 11 40 28
ABS30_50_3.DAT 1909 110 56 0 0 18 95 85 19 8 85 7 22 35 23 18 0 80 15 40 0 70 5 10 9 0 6 18 51 39 32 48 0 52 115 0 17 0 0 65 28 2 107 6 0 33 0 5 11 40 31
ABS31_50_3.DAT 1715 110 82 26 25 27 95 85 22 0 85 7 65 35 0 0 54 13 24 40 0 0 25 10 41 19 32 18 51 39 0 48 34 55 95 0 0 55 13 65 30 0 120 70 0 42 0 5 11 40 4
ABS32_50_3.DAT 1590 110 85 26 0 18 95 85 22 0 85 35 65 35 27 30 2 80 14 40 0 70 25 10 0 0 32 37 51 39 0 48 0 55 101 0 17 55 0 65 26 0 120 70 0 40 0 10 0 40 70
ABS33_50_3.DAT 1578 110 85 30 11 0 95 85 22 0 85 35 65 35 27 23 0 80 24 40 14 7 5 0 48 11 25 36 51 39 31 39 0 55 115 3 23 18 0 65 0 0 120 70 22 42 0 22 22 40 72
ABS34_50_3.DAT 862 110 85 30 33 27 95 85 22 35 85 35 65 35 27 30 54 80 24 40 14 70 25 25 48 95 32 54 51 39 22 48 34 55 115 30 34 55 65 65 30 34 120 70 110 42 25 25 22 40 72
ABS35_50_3.DAT 939 110 85 30 14 27 95 85 22 40 85 35 65 35 27 30 48 80 24 40 14 70 25 25 48 95 32 54 51 39 31 48 34 55 115 22 32 55 65 65 30 0 120 70 110 42 25 25 0 40 72
ABS36_50_3.DAT 958 110 85 30 33 0 95 85 22 40 85 35 65 35 27 30 54 80 24 40 14 70 25 25 48 95 13 53 51 39 36 44 34 55 115 30 34 6 65 65 30 34 120 70 95 42 25 25 22 40 72
ABS37_50_3.DAT 1738 22 0 0 11 0 0 17 11 16 0 0 13 0 9 6 36 16 0 0 14 28 15 0 0 0 0 0 1 13 0 0 0 33 3 0 0 0 0 13 6 0 24 0 0 0 0 0 0 24 0
ABS38_50_3.DAT 408 22 0 0 11 0 0 0 0 8 0 7 13 7 9 0 18 16 0 8 7 14 5 0 0 0 0 18 0 13 12 0 0 11 0 0 0 0 0 13 0 17 24 0 0 0 0 5 11 8 0
ABS39_50_3.DAT 0 0 0 0 0 0 0 0 0 0 0 7 0 0 0 0 0 0 0 0 0 0 5 0 0 0 0 0 0 0 0 0 0 11 0 0 0 0 0 0 0 0 0 0 0 0 0 5 0 0 0
ABS40_50_3.DAT 1601 110 85 0 21 18 95 85 22 8 85 7 65 35 27 6 34 80 24 40 14 14 25 10 0 0 32 18 44 39 36 48 34 55 61 15 17 55 0 65 30 31 120 56 22 8 0 5 11 40 72
ABS41_50_3.DAT 1365 110 85 27 33 27 90 85 22 40 67 14 65 35 27 30 50 80 24 0 14 70 25 20 0 0 32 45 51 21 19 48 34 55 115 15 0 50 0 65 12 34 120 70 37 42 11 10 22 40 72
ABS42_50_3.DAT 1353 110 85 10 20 27 93 85 22 26 85 35 65 0 10 23 47 80 12 40 14 70 25 17 48 78 13 18 51 13 36 48 34 55 108 15 34 25 0 65 30 0 111 70 37 42 0 25 22 40 53
ABS43_50_3.DAT 1809 110 71 30 33 18 95 85 22 0 28 7 65 0 27 30 0 80 24 40 0 1 25 10 48 38 16 18 51 39 0 48 34 55 115 0 16 7 0 65 0 0 120 56 0 42 5 5 11 40 0
ABS44_50_3.DAT 1675 110 54 30 33 0 95 85 22 0 85 7 65 0 27 30 51 80 24 40 14 0 25 0 32 38 32 18 51 39 17 0 5 55 115 0 34 55 12 65 30 0 120 25 22 42 3 0 0 40 28
ABS45_50_3.DAT 1712 110 78 30 33 27 95 85 18 0 85 35 65 35 21 23 34 80 24 0 14 0 5 10 0 47 32 18 51 39 0 48 34 11 115 30 24 24 10 65 18 0 85 70 0 0 0 25 13 40 41
ABS46_50_3.DAT 897 110 85 30 33 27 95 85 22 40 85 35 65 35 27 30 54 80 24 40 14 70 25 25 43 95 32 54 51 39 36 48 2 55 115 30 34 55 65 65 30 17 120 70 110 42 25 25 22 40 72
ABS47_50_3.DAT 1089 110 85 30 33 27 95 85 22 40 85 35 65 35 27 1 54 80 24 40 14 70 25 25 30 95 27 54 33 39 36 48 34 55 115 30 29 55 65 65 30 0 120 70 0 42 14 25 11 40 67
ABS48_50_3.DAT 1032 110 85 30 33 22 95 85 22 40 85 35 65 25 27 23 38 80 24 40 14 70 25 0 48 95 13 49 51 39 36 48 0 55 115 30 34 55 65 65 30 0 120 70 95 42 25 25 22 40 53
ABS49_50_3.DAT 644 22 17 15 33 0 22 17 11 0 0 14 13 0 0 6 0 0 0 16 0 0 0 0 16 19 16 36 12 26 0 0 0 0 23 0 0 11 0 13 6 34 48 0 22 21 0 10 0 24 0
ABS50_50_3.DAT 0 0 0 0 0 9 1 0 0 0 0 0 0 0 0 0 0 0 0 0 0 0 20 5 0 0 16 18 17 13 0 24 0 44 0 0 0 0 0 0 0 0 24 14 0 0 0 0 0 8 0
ABS51_50_3.DAT 641 0 0 0 0 0 0 0 0 8 0 21 13 14 0 0 18 0 0 8 14 14 5 0 0 0 16 18 0 0 0 0 0 11 23 0 0 0 0 13 0 17 0 0 0 0 0 15 11 24 7
ABS52_50_3.DAT 0 22 17 15 22 18 19 17 11 8 17 7 13 7 9 6 18 16 12 8 7 14 5 10 16 19 16 18 17 13 12 48 17 11 23 15 17 11 13 13 6 17 24 28 22 21 5 5 11 8 24
ABS53_50_3.DAT 0 22 17 15 11 9 19 17 11 8 17 7 13 20 9 6 18 16 12 8 7 20 5 5 16 19 16 18 27 15 12 24 17 11 34 15 17 11 13 13 6 17 24 14 22 21 5 5 11 32 24
ABS54_50_3.DAT 161 22 27 15 11 0 23 17 11 8 17 7 13 7 9 6 18 16 4 29 7 17 20 0 16 19 16 54 38 24 0 0 0 44 23 15 17 11 13 13 6 17 24 42 22 21 5 5 11 8 15
ABS55_50_3.DAT 0 22 17 15 11 9 19 17 11 8 17 7 13 7 9 6 26 16 12 32 7 14 20 5 16 19 16 30 17 26 12 24 17 44 23 15 17 11 13 13 6 17 48 14 22 21 5 5 11 32 24
ABS56_50_3.DAT 241 22 17 15 11 9 19 47 11 8 51 21 13 7 9 6 18 16 7 8 0 14 0 5 16 19 14 18 17 13 12 24 0 0 66 15 0 11 0 13 0 0 24 14 22 21 5 15 0 8 24
ABS57_50_3.DAT 0 23 51 0 0 0 0 51 0 24 0 0 0 21 0 0 11 0 0 24 0 32 15 0 0 0 0 0 30 0 0 0 0 33 47 0 0 0 0 0 0 0 0 10 0 0 0 0 0 24 14
ABS58_50_3.DAT 0 88 31 15 11 9 19 68 11 8 22 28 13 7 9 6 21 64 12 8 7 14 5 5 16 19 16 18 17 13 12 24 17 11 42 15 17 31 13 13 6 17 24 14 22 21 5 20 11 8 26
ABS59_50_3.DAT 0 90 34 30 22 25 38 34 22 16 85 14 26 35 19 12 36 80 24 40 14 28 10 10 41 43 32 38 39 26 24 48 34 22 46 30 34 50 26 26 12 34 48 70 44 42 10 10 22 40 67
ABS60_50_3.DAT 0 88 61 15 22 12 19 62 11 8 17 28 17 28 18 17 18 61 12 8 7 14 20 5 31 19 16 20 17 13 12 24 17 44 23 15 17 11 13 13 6 17 74 48 22 21 5 20 11 8 37
ABS61_50_3.DAT 0 0 17 15 0 0 0 8 11 0 45 0 0 28 0 6 5 0 0 8 0 0 0 15 16 19 0 18 17 13 12 0 0 0 23 0 17 0 0 24 0 0 24 0 22 21 0 0 0 0 24
ABS62_50_3.DAT 0 0 22 15 0 0 0 17 11 8 34 0 0 0 0 0 18 48 0 32 7 14 5 0 16 0 0 0 17 14 12 0 0 11 38 15 0 0 0 0 0 0 24 0 5 1 0 0 0 0 24
ABS63_50_3.DAT 483 10 18 15 33 0 23 23 11 24 17 0 0 2 9 0 36 16 24 24 14 33 25 0 16 19 16 3 17 13 12 0 34 55 23 15 17 11 13 6 6 17 24 0 22 21 5 0 0 0 24
ABS64_50_3.DAT 0 22 17 15 11 9 19 34 11 40 34 28 13 7 9 6 25 16 12 8 7 14 5 5 16 19 16 18 17 13 12 24 17 11 39 15 17 11 13 13 6 17 24 14 22 21 5 20 11 8 24
ABS65_50_3.DAT 0 0 0 0 0 0 0 17 0 8 35 0 0 0 0 0 18 9 0 32 7 14 20 0 0 0 0 0 0 0 0 0 0 44 18 0 0 0 0 31 0 0 0 0 0 0 0 0 0 24 0
ABS66_50_3.DAT 322 22 33 15 11 0 0 17 17 8 53 15 13 10 9 6 54 16 12 24 7 14 20 0 16 19 0 18 21 13 12 0 17 44 23 15 17 11 33 16 0 0 24 10 22 30 5 5 11 24 31
ABS67_50_3.DAT 0 61 39 30 22 18 69 34 22 40 72 35 26 14 18 12 36 32 24 16 14 70 10 10 36 38 32 36 34 26 24 48 34 22 46 30 34 22 26 26 12 34 48 70 44 42 10 25 22 16 72
ABS68_50_3.DAT 0 88 17 15 12 9 50 85 22 16 68 7 65 35 18 24 36 80 12 32 14 70 25 5 32 19 16 18 51 39 12 24 34 55 108 15 24 11 13 65 6 17 120 56 22 21 5 6 11 40 53
ABS69_50_3.DAT 0 44 24 0 11 18 38 0 0 0 34 7 0 15 18 6 0 64 24 32 7 0 20 25 0 0 32 20 0 0 0 48 17 44 0 0 0 22 0 52 12 34 48 28 0 0 10 5 11 32 5
ABS70_50_3.DAT 0 22 17 15 11 18 19 17 11 32 17 7 13 7 9 6 18 64 12 32 7 56 5 5 32 19 16 27 17 13 12 24 17 11 23 15 17 11 14 13 6 17 24 56 22 21 5 5 11 8 47
ABS71_50_3.DAT 0 88 17 15 11 13 76 43 11 8 68 7 13 28 9 21 18 16 12 8 7 14 20 20 26 31 16 18 34 26 12 24 17 44 73 15 17 44 13 13 10 17 54 14 22 21 5 5 11 32 24
ABS72_50_3.DAT 0 22 34 24 11 9 19 17 22 16 17 35 13 14 9 6 54 16 24 40 14 16 5 5 25 38 26 36 17 39 24 24 34 11 23 15 17 11 13 13 6 34 85 28 22 42 5 25 11 8 48
ABS73_50_3.DAT 0 110 85 30 22 27 39 34 22 16 59 14 26 35 27 30 54 80 24 40 14 84 25 25 32 38 32 53 34 26 36 48 34 55 46 30 34 55 59 26 18 34 120 47 74 42 10 15 22 16 48
ABS74_50_3.DAT 0 110 102 30 33 19 38 85 22 40 72 14 65 42 19 30 54 80 24 40 14 28 25 25 48 53 32 46 51 39 24 48 34 55 115 30 34 55 65 65 36 34 120 84 105 42 25 10 22 40 72
ABS75_50_3.DAT 0 0 46 0 11 9 57 0 0 0 49 21 52 7 9 0 17 37 0 0 0 14 15 0 16 76 0 13 17 0 0 0 0 33 69 0 0 7 39 0 24 0 22 35 66 0 15 20 0 0 20
ABS76_50_3.DAT 0 88 40 15 11 9 57 17 11 32 17 28 65 14 14 12 18 32 12 32 7 70 5 20 22 19 16 36 17 13 24 24 17 11 25 15 17 22 45 52 30 17 24 70 22 21 5 20 11 32 48
ABS77_50_3.DAT 0 22 83 15 14 18 61 68 11 32 17 28 52 28 17 6 18 64 12 8 7 56 5 5 16 95 16 18 29 26 12 24 17 11 23 15 17 44 52 52 12 17 96 56 88 21 5 20 11 8 24
ABS78_50_3.DAT 0 44 78 30 33 27 95 44 22 16 67 35 26 39 25 25 36 80 24 16 14 28 10 25 46 59 32 36 36 39 36 48 34 22 46 30 34 66 62 65 30 34 48 28 44 42 10 25 22 40 68
ABS79_50_3.DAT 0 96 34 30 22 18 38 85 22 37 85 35 65 35 18 12 54 80 24 40 14 28 10 10 32 95 32 54 34 39 24 48 34 22 51 30 34 55 26 65 12 34 120 70 44 42 10 10 22 40 48
ABS80_50_3.DAT 0 0 36 0 0 9 0 51 0 0 0 21 39 21 9 0 1 56 0 0 0 14 0 0 0 0 0 0 17 4 0 0 0 0 69 0 0 33 35 39 0 0 72 56 66 0 15 15 0 24 11
ABS81_50_3.DAT 158 44 85 30 22 27 9 34 22 16 85 14 26 35 27 12 46 43 24 40 14 42 0 25 43 114 32 52 49 39 32 48 34 0 115 30 34 55 26 65 12 32 48 55 44 42 10 30 22 40 72
ABS82_50_3.DAT 0 88 17 15 11 9 76 54 11 8 17 7 26 28 10 24 30 16 12 32 7 14 20 5 32 38 16 18 17 13 24 24 17 44 92 15 17 44 13 13 24 17 24 14 88 21 20 5 11 8 48
ABS83_50_3.DAT 0 88 85 15 12 9 32 17 11 8 68 7 65 7 9 30 24 80 12 32 7 14 20 5 31 19 16 20 30 13 12 24 17 44 23 15 17 44 52 52 12 17 24 56 22 21 20 5 11 32 48
ABS84_50_3.DAT 0 110 34 30 32 18 38 34 22 40 85 14 78 42 18 36 54 50 24 40 14 70 25 25 32 38 32 39 34 39 36 48 34 55 46 30 34 24 65 26 12 34 120 84 110 42 10 28 22 16 56
ABS85_50_3.DAT 0 44 34 30 22 18 38 34 22 16 34 14 26 14 18 12 36 32 24 16 14 28 10 10 32 38 32 36 34 26 24 48 34 22 69 30 34 22 26 26 12 34 48 28 44 42 10 15 22 16 48
ABS86_50_3.DAT 0 0 17 0 0 0 0 0 0 0 0 0 13 0 0 6 0 16 0 0 0 14 0 0 0 19 0 0 0 0 0 0 0 0 0 0 0 11 0 0 6 0 0 14 0 0 0 5 0 0 0
ABS87_50_3.DAT 0 0 17 0 0 0 0 0 0 0 0 0 13 7 0 6 0 16 0 0 0 14 0 0 0 19 0 0 0 0 0 0 0 0 23 0 0 0 0 0 6 0 0 14 0 0 0 5 0 0 0
ABS88_50_3.DAT 0 22 34 15 11 9 19 17 11 8 17 7 26 14 9 6 18 32 12 8 7 28 5 5 16 38 16 18 17 13 12 24 17 11 23 15 17 22 13 13 12 17 24 28 22 21 5 10 11 8 24
ABS89_50_3.DAT 0 0 17 0 0 0 0 0 0 0 0 0 13 0 0 6 0 16 0 0 0 14 0 0 0 0 0 0 0 0 0 0 0 0 23 0 0 11 0 0 6 0 0 14 0 0 0 5 0 0 0
ABS90_50_3.DAT 0 22 34 15 11 9 19 17 11 16 17 7 13 14 9 6 18 16 12 8 7 28 5 5 16 19 16 18 17 13 12 24 17 11 23 15 17 11 13 13 12 17 24 28 22 21 5 10 11 8 24
ABS91_50_3.DAT 0 22 17 15 11 9 19 17 11 8 17 7 26 7 9 12 18 32 12 8 7 28 10 5 16 38 16 18 17 13 12 24 17 22 23 15 17 22 13 13 6 17 24 28 22 21 5 10 11 8 24
ABS92_50_3.DAT 1127 110 102 30 26 18 95 85 22 0 85 35 65 42 27 36 31 96 24 40 14 84 0 25 48 114 27 54 44 39 12 48 34 0 115 17 34 66 65 65 36 34 120 84 110 42 25 25 22 40 24
ABS93_50_3.DAT 0 22 17 15 11 9 19 17 11 8 17 7 26 7 9 6 18 16 12 8 7 14 5 10 16 19 16 18 17 13 12 24 17 11 23 15 17 22 13 13 12 17 24 14 22 21 5 10 11 8 24
ABS94_50_3.DAT 263 66 68 30 33 27 57 51 11 24 51 21 52 21 27 24 36 64 24 24 7 42 15 15 32 57 32 54 51 39 36 48 34 33 112 30 34 44 39 39 24 17 72 56 66 42 15 20 11 24 72
ABS95_50_3.DAT 860 110 102 30 33 27 95 85 22 40 85 35 78 35 27 30 54 96 7 40 14 70 25 25 48 114 32 54 51 39 36 48 34 55 138 30 34 66 65 65 36 34 120 84 110 42 25 30 22 40 72
ABS96_50_3.DAT 0 0 17 0 0 0 0 0 0 0 0 0 13 7 0 0 0 17 0 0 0 14 0 0 0 19 0 0 0 0 0 0 0 0 23 0 0 11 0 0 6 0 0 14 0 0 0 0 0 0 0
ABS1_50_4.DAT 0 0 0 0 0 0 0 0 0 0 0 0 0 0 0 0 0 0 0 0 0 0 0 0 0 0 0 0 0 0 0 0 0 0 0 0 0 0 0 0 0 0 0 0 0 0 0 0 0 0 0
ABS2_50_4.DAT 658 0 1 0 0 0 11 0 0 0 0 0 0 11 0 0 0 6 0 0 0 0 0 19 0 18 0 0 0 0 0 1 14 0 0 0 0 20 0 0 0 0 0 0 0 0 5 0 0 0 10
ABS3_50_4.DAT 666 8 7 0 0 0 0 0 0 0 0 0 9 31 0 0 0 6 0 0 0 3 0 19 0 18 0 13 0 0 0 0 9 0 0 0 0 0 0 9 0 0 0 17 4 0 0 5 6 0 0
ABS4_50_4.DAT 0 8 7 6 13 18 11 15 20 23 14 22 9 21 24 6 15 6 22 10 22 24 18 19 20 18 14 16 8 16 21 32 22 20 10 6 15 20 22 9 14 21 24 17 15 14 5 5 6 23 10
ABS5_50_4.DAT 0 8 7 6 13 18 11 15 20 23 14 22 9 21 24 6 15 6 22 10 22 24 18 19 20 18 14 16 8 16 21 24 22 20 10 6 15 20 22 9 14 21 24 17 15 14 5 5 6 23 10
ABS6_50_4.DAT 168 8 5 6 9 18 33 0 0 0 14 28 9 21 24 6 1 6 22 10 22 24 24 19 18 18 14 16 0 16 21 24 22 20 0 6 15 20 22 9 14 21 0 17 1 14 5 0 14 0 6
ABS7_50_4.DAT 0 8 9 6 13 18 11 15 20 23 14 22 9 21 24 12 15 6 22 10 22 24 18 19 20 18 14 16 8 16 21 24 22 20 10 6 15 20 22 9 14 21 24 19 15 14 5 5 18 23 10
ABS8_50_4.DAT 409 8 7 0 17 0 11 15 0 0 12 0 9 63 24 12 0 6 0 0 22 0 0 19 20 18 0 0 0 0 0 15 22 20 0 0 0 20 0 9 0 0 0 16 15 14 5 0 12 0 10
ABS9_50_4.DAT 0 8 7 6 13 18 11 15 20 27 14 22 9 34 72 6 15 6 22 10 22 24 24 19 20 18 14 16 8 16 21 24 38 23 10 6 15 43 22 9 14 21 24 34 15 14 5 5 24 23 14
ABS10_50_4.DAT 0 8 7 6 13 18 32 15 20 23 14 22 9 54 24 6 15 24 22 10 22 24 18 19 20 60 14 16 8 16 21 24 22 20 10 12 15 20 22 9 14 21 24 17 15 14 5 5 6 23 10
ABS11_50_4.DAT 0 8 7 6 13 18 11 15 20 23 14 22 9 21 24 6 15 6 22 10 22 24 42 19 20 48 14 16 8 16 21 24 22 20 10 6 30 20 22 9 14 21 24 17 15 14 5 5 6 23 10
ABS12_50_4.DAT 0 16 14 12 65 36 22 30 40 46 28 44 18 42 63 12 30 12 44 20 44 48 42 38 40 45 28 32 16 35 42 48 71 40 20 18 30 40 44 18 28 42 48 34 30 28 10 10 12 46 20
ABS13_50_4.DAT 633 0 0 6 0 0 11 15 0 0 0 22 0 0 0 6 0 0 0 0 0 0 0 0 0 0 0 16 0 0 21 0 22 20 0 0 0 7 0 0 0 0 0 0 0 0 5 0 6 0 0
ABS14_50_4.DAT 0 8 0 0 0 0 11 0 0 23 0 0 9 0 0 0 15 0 0 0 0 0 0 19 0 18 0 0 0 0 0 0 0 0 10 0 0 0 0 9 0 0 0 0 0 0 10 5 0 0 0
ABS15_50_4.DAT 663 0 0 0 0 0 11 15 0 0 10 0 0 0 0 12 0 0 0 0 0 0 0 19 20 18 3 0 0 0 0 3 22 0 0 0 1 8 0 9 0 0 0 17 0 0 5 0 12 0 0
ABS16_50_4.DAT 0 8 7 6 13 18 11 15 20 23 14 22 9 21 24 6 15 6 22 10 22 24 18 19 20 18 14 16 8 16 21 24 22 20 10 6 15 20 22 9 14 21 24 17 15 14 5 5 6 23 10
ABS17_50_4.DAT 0 8 7 6 13 18 11 15 20 23 14 22 9 21 24 6 15 6 22 10 22 24 18 19 20 18 14 16 8 16 21 24 22 20 10 6 15 20 22 11 14 21 24 17 15 14 5 5 6 23 10
ABS18_50_4.DAT 167 8 7 6 13 18 11 15 0 23 0 22 9 0 24 8 15 6 22 10 22 24 18 19 20 18 0 16 8 16 0 24 22 13 10 6 15 20 22 9 14 21 24 0 15 10 5 5 6 0 0
ABS19_50_4.DAT 0 0 0 0 39 0 0 0 0 0 0 0 9 0 36 0 0 18 21 0 0 0 0 0 9 48 0 0 0 0 0 0 0 0 0 0 0 0 0 0 0 0 0 0 12 0 0 0 0 0 0
ABS20_50_4.DAT 0 8 7 6 65 18 19 15 20 23 14 22 9 21 24 6 15 21 22 10 22 24 18 19 20 18 14 16 8 16 21 24 22 20 10 6 15 20 22 27 14 21 24 25 15 14 5 5 12 23 10
ABS21_50_4.DAT 336 0 7 6 13 18 33 15 0 23 14 7 9 49 24 0 15 18 66 10 22 0 18 0 20 15 10 16 0 16 21 26 11 20 10 6 17 92 22 27 14 0 0 17 15 14 15 5 0 0 10
ABS22_50_4.DAT 0 8 7 6 17 18 11 15 20 23 14 22 9 25 24 12 15 6 22 10 22 24 18 19 20 18 14 16 8 16 21 24 42 20 10 6 15 22 44 9 14 21 24 51 15 14 5 10 6 23 50
ABS23_50_4.DAT 0 25 14 12 26 36 55 30 40 46 28 44 18 60 78 12 30 12 44 20 44 48 36 38 55 36 28 32 16 32 42 48 44 43 20 12 30 40 59 27 28 42 48 34 30 28 10 10 12 46 20
ABS24_50_4.DAT 92 4 14 12 26 36 22 36 40 46 28 44 18 81 48 12 30 15 44 20 44 0 42 38 40 36 28 32 16 0 61 48 44 60 20 30 30 40 66 18 28 47 48 34 30 28 10 10 12 46 50
ABS25_50_4.DAT 3707 0 7 0 0 0 11 15 0 0 0 0 0 4 0 6 0 6 0 10 0 0 0 0 0 0 0 0 0 0 0 8 22 0 0 0 0 0 0 0 0 0 0 17 0 6 15 0 6 0 0
ABS26_50_4.DAT 1457 0 0 6 13 0 11 0 0 0 0 0 0 0 0 0 0 6 8 10 0 0 0 0 0 0 0 0 0 0 0 6 0 0 0 0 0 0 0 9 0 0 0 0 0 0 10 0 0 0 0
ABS27_50_4.DAT 590 8 0 0 7 0 11 15 0 0 0 0 0 0 0 6 0 0 0 10 0 0 0 19 0 18 0 0 0 0 0 0 22 15 0 0 0 0 0 9 0 0 0 17 0 0 5 0 6 0 10
ABS28_50_4.DAT 907 0 13 0 39 0 33 45 0 69 20 18 27 63 72 12 45 18 22 0 66 0 54 0 60 54 28 0 0 0 63 48 66 60 0 18 45 60 66 27 0 0 0 51 45 42 0 0 18 0 30
ABS29_50_4.DAT 1953 16 2 12 65 0 55 75 27 23 24 44 27 105 120 12 15 30 44 20 110 19 90 38 100 90 5 32 0 0 0 7 110 60 10 30 75 100 0 45 3 0 0 51 21 70 15 10 30 0 50
ABS30_50_4.DAT 0 8 7 6 13 18 11 15 20 23 14 22 9 21 24 6 15 6 22 10 22 24 18 19 20 18 14 16 8 16 21 24 22 20 10 6 15 20 22 9 14 21 24 17 15 14 5 5 6 23 10
ABS31_50_4.DAT 1339 32 7 6 52 18 44 60 20 92 14 44 18 84 96 12 0 24 25 10 22 48 57 19 80 72 11 16 8 16 0 48 88 60 40 24 60 80 27 36 14 21 24 51 0 56 5 5 24 23 40
ABS32_50_4.DAT 2355 16 5 0 37 0 55 0 0 23 28 5 0 105 108 12 15 30 61 20 0 0 90 38 100 90 28 16 0 0 0 32 110 60 10 0 0 100 0 45 0 0 0 51 30 70 10 5 30 0 50
ABS33_50_4.DAT 2015 8 14 0 65 0 55 75 0 0 28 35 15 105 120 12 10 30 66 20 110 1 72 0 76 90 3 0 16 0 67 48 110 60 0 30 59 100 0 45 24 0 0 51 42 28 10 10 30 35 50
ABS34_50_4.DAT 1066 40 14 18 65 90 55 75 40 115 28 44 27 105 120 12 45 30 66 20 110 48 90 38 100 90 28 32 16 26 105 48 110 60 50 30 75 100 110 45 26 63 48 51 45 70 15 10 30 46 50
ABS35_50_4.DAT 0 8 7 6 13 18 11 15 20 23 14 22 9 21 24 6 15 6 22 10 22 24 18 19 20 18 14 16 8 16 21 24 22 20 10 6 15 20 22 9 14 21 24 17 15 14 5 5 6 23 10
ABS36_50_4.DAT 1326 40 14 18 65 42 55 75 35 115 28 44 15 105 120 12 15 30 66 20 110 48 90 29 76 90 26 32 16 38 105 48 110 60 50 30 75 100 110 45 10 45 15 51 16 70 15 10 30 0 50
ABS37_50_4.DAT 411 0 7 0 0 0 11 15 20 23 0 22 9 0 24 6 15 6 0 0 0 0 0 19 0 18 14 0 0 0 0 0 0 20 10 6 0 0 22 0 0 21 24 0 15 0 5 5 6 23 0
ABS38_50_4.DAT 0 0 0 0 0 0 0 0 0 0 0 2 0 0 0 0 0 0 0 0 0 0 0 0 0 0 0 0 0 0 0 0 0 0 0 0 0 0 0 0 0 0 0 0 0 0 0 0 0 0 0
ABS39_50_4.DAT 3661 0 0 0 0 0 0 15 0 0 0 0 0 19 0 0 0 1 0 19 22 0 0 0 0 6 0 0 8 0 0 13 0 20 0 0 0 1 22 0 0 0 0 32 0 0 0 0 6 0 20
ABS40_50_4.DAT 0 0 0 0 0 0 0 0 0 0 0 0 0 0 0 0 0 5 0 0 0 0 0 0 0 0 0 0 0 0 0 0 0 0 0 0 0 0 0 0 0 0 0 0 0 0 0 0 0 0 0
ABS41_50_4.DAT 1836 0 14 0 65 0 55 75 0 115 28 44 27 105 120 12 15 30 56 10 110 0 84 0 0 70 0 0 0 34 91 15 110 60 10 30 75 100 110 45 0 63 29 5 0 70 15 5 30 22 50
ABS42_50_4.DAT 1934 0 14 0 65 23 47 75 0 46 14 44 27 105 120 10 23 30 66 0 110 0 90 0 76 45 26 0 8 8 67 48 110 60 20 30 65 100 22 45 0 21 0 51 45 70 15 10 5 0 50
ABS43_50_4.DAT 2394 0 14 0 37 36 0 75 0 4 10 44 27 105 120 12 0 30 0 20 110 0 90 38 16 90 0 0 0 32 0 48 110 41 0 30 0 100 0 0 0 42 0 8 23 70 0 0 30 0 50
ABS44_50_4.DAT 0 0 0 0 0 0 0 0 0 0 0 0 0 0 0 0 0 0 0 0 0 0 0 0 0 0 0 0 0 0 0 0 0 0 0 0 0 0 0 0 0 0 0 0 0 0 0 0 0 0 0
ABS45_50_4.DAT 2016 40 14 0 65 42 55 75 0 46 14 44 15 105 120 0 15 30 50 20 110 48 90 25 58 90 0 22 0 0 39 0 71 60 20 30 75 100 7 45 0 16 0 44 0 70 15 10 0 0 38
ABS46_50_4.DAT 1214 40 1 18 65 90 55 75 40 115 28 44 0 105 120 12 12 30 66 20 110 28 90 38 100 90 28 32 16 16 105 48 110 60 50 30 75 100 110 45 28 49 39 51 21 70 15 10 30 46 50
ABS47_50_4.DAT 1298 40 14 18 65 90 55 75 40 115 28 44 27 105 120 12 24 30 66 20 110 0 90 38 100 90 28 32 16 0 105 48 110 60 50 30 75 100 110 45 28 63 0 51 0 70 15 10 30 1 50
ABS48_50_4.DAT 1357 40 14 0 65 90 55 75 0 115 28 44 27 105 120 12 26 30 50 20 110 23 90 38 100 90 26 20 16 0 67 24 110 60 20 30 75 100 110 45 28 45 34 51 45 70 15 10 30 35 50
ABS49_50_4.DAT 672 8 7 6 13 0 11 15 0 0 0 44 9 21 24 6 0 12 22 0 0 24 0 0 0 0 0 16 0 16 11 24 22 40 0 18 15 20 0 0 14 3 0 0 15 14 5 0 6 0 4
ABS50_50_4.DAT 504 8 7 6 13 18 11 15 20 0 0 0 9 21 24 8 0 12 16 10 22 24 18 0 20 0 0 16 8 16 0 24 0 2 0 0 0 0 0 0 14 0 24 0 15 0 5 0 0 23 10
ABS51_50_4.DAT 336 8 14 12 13 0 28 30 0 23 8 32 9 35 24 5 15 18 0 10 66 24 0 19 20 18 0 0 0 16 0 24 22 22 10 6 0 20 26 9 0 21 0 0 30 0 5 5 0 0 10
ABS52_50_4.DAT 0 8 7 6 13 28 11 15 20 23 14 44 9 21 24 6 15 6 22 10 22 26 54 19 20 38 14 16 8 16 21 24 22 20 10 18 15 20 22 9 14 21 24 33 15 14 5 5 6 23 30
ABS53_50_4.DAT 0 8 7 6 13 18 19 45 20 23 14 22 9 21 24 12 15 6 22 10 22 24 18 19 20 54 14 16 8 16 21 32 22 20 10 6 15 20 22 9 14 21 24 51 15 14 5 5 18 25 28
ABS54_50_4.DAT 182 8 14 0 39 18 33 15 20 23 0 0 9 55 24 12 15 18 22 10 22 24 18 19 20 24 14 0 8 16 63 24 22 60 10 6 3 48 0 9 0 21 28 17 34 14 15 5 6 23 10
ABS55_50_4.DAT 0 8 7 6 13 18 14 60 20 23 14 22 10 21 24 6 15 24 22 10 22 24 18 19 21 72 14 16 8 16 21 24 37 20 10 24 15 20 22 36 14 21 24 34 15 14 5 5 6 23 40
ABS56_50_4.DAT 0 8 14 10 52 18 29 30 20 23 14 22 11 21 96 12 15 24 22 10 22 24 18 19 40 72 14 16 8 16 21 25 88 20 10 6 18 20 22 18 14 21 24 17 15 14 5 5 12 23 10
ABS57_50_4.DAT 0 8 7 6 13 18 44 60 20 68 14 22 9 21 86 6 15 8 22 10 22 24 18 38 20 50 14 32 8 16 28 24 22 40 10 6 46 44 22 18 28 21 24 23 15 14 10 5 6 23 19
ABS58_50_4.DAT 0 0 0 0 0 0 33 45 0 10 0 0 0 63 0 0 15 0 0 0 0 0 0 0 60 54 0 0 0 0 0 0 0 20 0 0 0 0 3 27 0 21 0 0 0 0 0 0 18 0 0
ABS59_50_4.DAT 504 23 2 0 65 36 22 0 40 71 28 0 18 42 63 12 16 13 44 20 110 48 36 38 38 90 28 10 16 48 42 48 77 47 0 0 0 40 0 45 28 0 0 51 0 60 10 10 12 10 20
ABS60_50_4.DAT 0 16 14 6 13 36 55 15 40 23 14 30 18 21 48 6 15 30 44 20 44 48 62 19 20 18 14 16 8 32 21 32 110 20 20 30 15 100 22 9 14 21 24 28 30 14 10 10 6 23 26
ABS61_50_4.DAT 0 0 0 6 31 18 11 45 0 23 0 0 0 0 0 6 15 24 18 10 22 0 18 0 20 26 0 0 0 0 0 0 0 0 10 0 15 0 22 9 14 0 24 0 0 0 5 5 6 0 11
ABS62_50_4.DAT 756 0 0 0 27 18 11 0 0 23 14 5 0 0 19 0 15 1 0 10 66 0 18 0 0 0 14 16 8 0 35 24 22 34 10 0 0 20 66 0 14 0 0 26 0 14 5 5 0 18 10
ABS63_50_4.DAT 667 16 0 0 0 18 11 45 20 4 0 0 0 63 0 0 45 0 0 10 22 0 72 38 20 18 0 0 0 0 21 24 50 35 0 12 0 40 66 9 14 42 24 22 0 2 5 0 0 23 20
ABS64_50_4.DAT 0 0 0 0 0 0 33 9 0 0 0 0 0 0 0 0 0 0 0 0 66 0 54 0 0 0 0 0 0 0 0 0 0 0 0 0 0 27 66 0 0 0 0 0 0 0 0 0 3 0 0
ABS65_50_4.DAT 503 0 7 6 13 18 11 15 20 0 28 0 0 21 24 0 8 6 42 10 66 48 18 0 20 0 0 16 0 32 21 24 22 20 0 0 15 20 110 9 14 0 0 0 15 14 5 0 1 23 10
ABS66_50_4.DAT 0 0 0 0 0 0 0 0 0 9 0 15 0 0 24 0 0 6 0 0 0 0 0 0 0 0 0 0 0 31 0 0 40 3 0 0 9 0 0 0 0 0 0 0 6 0 0 0 0 6 1
ABS67_50_4.DAT 672 0 0 12 65 36 55 30 40 115 28 0 0 42 0 12 33 30 30 20 44 0 90 0 60 90 28 5 16 32 15 0 110 40 50 0 75 100 44 45 28 0 48 40 0 28 10 10 30 46 20
ABS68_50_4.DAT 501 40 7 0 33 18 22 30 0 115 14 22 18 21 48 12 15 6 0 20 22 0 18 38 20 36 0 31 16 0 21 24 22 20 50 30 0 22 22 45 28 21 0 51 15 14 10 10 0 0 50
ABS69_50_4.DAT 0 13 0 0 20 0 44 0 12 0 0 0 18 0 0 0 9 12 0 10 66 48 53 0 60 0 14 0 0 48 24 0 0 20 0 0 0 60 0 27 0 0 0 34 0 42 5 0 12 0 0
ABS70_50_4.DAT 0 17 14 6 52 18 44 15 20 46 14 22 17 84 96 6 30 30 44 10 22 24 18 19 100 18 14 16 8 32 21 48 22 20 20 6 30 20 22 9 14 21 24 17 15 56 10 5 6 23 10
ABS71_50_4.DAT 242 16 14 12 26 36 55 75 40 0 28 44 18 105 48 12 0 12 59 20 110 48 36 38 70 90 28 32 16 35 98 48 110 60 0 12 30 94 44 18 28 42 0 34 30 43 13 4 30 46 50
ABS72_50_4.DAT 0 15 0 0 39 0 0 45 0 0 0 0 9 0 6 0 0 0 3 0 0 0 0 0 15 54 0 0 0 9 25 0 0 20 0 0 0 0 0 0 0 0 0 15 0 0 0 0 18 0 0
ABS73_50_4.DAT 0 32 7 6 52 72 11 60 20 92 14 22 9 66 96 6 30 6 31 10 22 24 18 19 40 90 14 16 8 16 21 24 22 40 40 24 15 20 88 18 14 28 24 34 27 26 5 5 24 23 50
ABS74_50_4.DAT 0 34 14 12 65 90 22 30 40 115 28 44 18 42 120 12 45 30 66 20 44 48 90 38 40 90 28 32 16 34 42 48 66 52 50 30 30 100 110 18 28 42 48 51 30 28 10 10 30 46 20
ABS75_50_4.DAT 0 8 0 6 39 18 33 60 0 0 0 0 9 21 0 0 15 18 22 0 0 12 54 19 0 90 2 0 0 4 63 0 0 0 30 18 15 80 6 9 0 21 0 0 6 0 5 0 18 6 8
ABS76_50_4.DAT 0 40 7 10 13 72 11 60 20 92 14 22 9 21 24 6 24 12 22 10 88 24 20 19 100 90 14 16 8 16 21 24 110 40 40 30 15 80 22 9 14 21 24 17 15 14 5 5 6 23 20
ABS77_50_4.DAT 0 24 14 12 65 90 22 30 40 46 28 44 27 42 78 12 30 30 62 20 44 48 60 38 40 90 28 32 16 32 105 48 44 57 20 30 75 94 110 45 28 42 48 51 30 28 13 10 30 46 20
ABS78_50_4.DAT 0 16 14 12 65 108 55 30 40 46 28 44 21 126 72 12 30 18 66 20 44 48 36 38 120 90 28 32 16 32 42 48 110 60 50 18 30 100 76 18 28 60 48 51 30 70 10 10 30 46 33
ABS79_50_4.DAT 0 0 0 0 39 54 33 45 0 92 0 0 0 21 74 0 0 0 22 0 66 0 0 0 80 54 0 0 0 16 63 0 0 0 40 18 45 20 66 0 0 21 0 15 15 0 3 0 12 0 0
ABS80_50_4.DAT 252 24 14 18 65 36 55 0 0 46 14 44 9 126 144 9 45 36 66 20 110 24 18 38 60 36 14 24 8 16 21 36 66 20 50 18 15 40 44 9 28 42 48 17 35 70 15 10 30 0 10
ABS81_50_4.DAT 0 8 7 6 40 18 11 60 20 92 14 22 15 21 96 6 15 6 22 10 22 24 18 19 71 72 14 16 8 32 21 24 73 35 40 30 15 20 88 9 14 21 24 17 15 14 5 5 6 23 10
ABS82_50_4.DAT 0 40 14 12 26 90 55 75 40 46 28 44 25 105 48 12 30 30 44 20 110 48 36 38 40 90 28 32 16 46 42 48 111 40 20 12 30 40 44 45 28 60 48 34 44 28 10 10 12 46 20
ABS83_50_4.DAT 0 16 7 12 13 18 39 15 20 23 14 22 18 21 94 6 30 6 22 10 22 24 72 19 40 90 14 16 8 24 84 24 44 40 10 6 30 20 22 45 14 21 24 19 23 14 10 5 24 23 10
ABS84_50_4.DAT 0 24 14 12 65 90 22 75 40 115 28 44 27 42 48 12 45 30 66 20 110 48 38 38 84 108 28 32 16 48 42 48 110 40 20 12 30 60 110 18 28 60 48 34 45 28 10 10 30 46 20
ABS85_50_4.DAT 0 16 7 6 13 36 11 15 20 23 14 22 9 42 48 6 15 6 22 10 22 24 18 19 40 36 14 16 8 16 21 24 44 20 10 12 30 40 32 18 14 21 24 17 15 14 5 5 6 23 30
ABS86_50_4.DAT 716 40 14 18 52 90 44 60 40 92 28 44 18 105 120 6 45 36 66 10 88 48 72 19 100 90 28 32 16 48 84 48 110 60 40 30 60 100 88 36 28 42 48 51 45 56 10 10 24 46 40
ABS87_50_4.DAT 419 32 14 18 39 72 33 45 20 69 14 22 27 84 72 12 45 24 66 10 66 48 72 19 60 72 28 16 16 48 63 48 66 60 30 24 60 80 66 36 14 42 48 51 45 42 5 10 18 23 30
ABS88_50_4.DAT 291 32 14 18 39 72 33 45 40 69 28 44 27 84 96 6 45 24 66 10 66 48 54 38 80 72 28 31 16 48 63 48 88 60 30 24 60 80 66 36 14 63 48 51 45 42 5 10 18 46 40
ABS89_50_4.DAT 250 32 14 18 39 72 33 45 40 69 28 44 27 63 72 12 45 24 66 20 66 48 54 38 80 54 28 32 16 48 63 48 88 60 30 24 45 80 66 36 28 63 48 51 45 42 15 10 18 46 30
ABS90_50_4.DAT 692 40 14 12 52 90 44 60 40 92 28 44 27 105 96 12 45 24 66 10 88 48 72 38 100 90 28 26 16 48 84 48 110 60 40 30 60 100 88 45 14 63 48 51 45 56 10 5 24 46 40
ABS91_50_4.DAT 0 8 7 6 13 18 11 15 20 23 14 22 9 21 24 6 15 6 22 10 22 24 18 19 20 18 14 16 8 16 21 24 22 20 10 6 15 20 22 18 14 21 24 17 15 14 5 5 6 23 10
ABS92_50_4.DAT 1409 8 14 18 65 108 55 75 17 115 28 22 27 126 144 0 30 36 56 20 110 0 90 38 120 108 28 32 16 0 105 48 132 60 50 36 90 120 110 54 28 61 0 43 45 70 15 10 30 0 60
ABS93_50_4.DAT 616 32 14 18 39 54 33 45 7 92 27 44 27 84 96 0 23 36 66 0 66 48 54 0 80 72 14 16 0 48 63 48 88 60 30 24 60 80 66 36 0 21 0 34 44 42 5 0 18 23 40
ABS94_50_4.DAT 294 32 14 18 39 72 33 45 40 69 28 44 27 84 96 6 45 24 66 20 66 48 54 0 80 72 28 32 16 48 63 48 88 60 30 24 60 80 66 36 28 63 48 51 45 42 15 10 18 46 40
ABS95_50_4.DAT 250 32 14 18 39 72 33 45 40 69 28 44 27 63 96 12 45 24 66 20 66 48 54 38 60 54 28 32 16 48 63 48 66 60 30 30 60 60 66 27 28 63 48 51 45 42 15 10 18 46 30
ABS96_50_4.DAT 803 32 7 18 52 72 44 60 40 92 28 44 18 84 96 6 45 24 66 20 88 48 90 19 80 72 28 32 16 48 84 5 88 60 50 24 60 100 88 36 28 42 24 51 27 56 10 5 24 46 40
ABS1_50_5.DAT 534 0 0 0 15 6 22 0 0 0 0 0 5 15 0 0 0 0 0 0 9 13 0 0 0 0 0 0 12 18 0 0 6 0 0 0 0 8 0 0 0 0 0 0 0 6 5 0 0 0 0
ABS2_50_5.DAT 0 0 0 0 0 0 0 0 0 0 0 0 0 0 0 0 0 0 0 0 0 0 0 0 0 0 0 0 0 0 0 0 0 0 0 0 0 0 0 0 0 0 0 0 0 0 0 0 0 0 0
ABS3_50_5.DAT 0 0 0 0 0 0 3 0 0 0 0 0 0 0 0 0 0 0 0 0 0 0 0 0 0 0 0 0 0 0 0 0 0 9 0 0 0 0 0 0 0 0 0 0 0 0 0 5 1 0 0
ABS4_50_5.DAT 0 0 0 0 0 0 0 0 0 0 0 0 0 0 0 0 0 0 0 0 20 0 0 0 0 0 0 0 8 0 0 0 0 0 0 0 0 0 0 0 0 0 0 0 0 0 0 0 0 0 0
ABS5_50_5.DAT 0 13 18 16 15 6 22 12 9 17 11 16 5 15 19 6 13 27 11 11 16 13 11 13 24 16 11 14 19 18 10 23 6 9 16 16 13 8 11 5 21 6 24 20 8 6 5 5 22 17 16
ABS6_50_5.DAT 0 13 18 16 15 6 26 12 9 17 11 16 5 15 19 6 13 17 11 11 16 13 11 13 24 16 11 14 19 18 10 23 6 17 16 16 13 8 11 5 21 6 24 20 8 6 5 5 22 17 16
ABS7_50_5.DAT 269 0 0 0 15 8 0 12 9 17 0 0 15 15 19 6 0 41 0 11 48 13 11 13 53 16 3 14 19 18 10 0 6 9 10 16 13 8 0 0 21 0 0 20 8 0 5 5 42 17 0
ABS8_50_5.DAT 0 0 0 0 0 0 0 0 0 0 0 0 0 0 0 0 0 0 0 0 0 0 0 2 0 0 0 0 4 0 0 0 12 8 0 0 8 0 0 0 0 0 0 0 0 0 0 0 0 0 0
ABS9_50_5.DAT 286 0 0 10 15 6 22 0 9 17 0 16 5 15 19 6 13 17 0 0 16 13 11 0 24 16 3 14 0 18 0 0 6 9 0 0 23 8 0 0 13 6 0 20 0 0 5 0 0 17 16
ABS10_50_5.DAT 0 26 36 32 30 12 54 24 18 34 22 32 10 30 38 12 26 34 22 22 32 26 22 26 48 32 22 28 42 36 20 46 12 18 32 32 65 16 22 10 42 12 48 40 16 12 10 15 44 34 32
ABS11_50_5.DAT 0 26 36 41 30 12 44 36 18 34 22 47 13 30 38 12 26 34 22 22 32 26 22 26 48 32 22 28 62 36 20 46 12 18 32 32 26 16 22 10 42 12 48 40 16 12 10 10 44 34 32
ABS12_50_5.DAT 0 26 36 32 30 12 53 24 18 34 22 32 10 30 47 12 26 34 22 25 32 26 22 26 69 32 22 28 38 36 20 46 12 27 32 38 26 16 22 10 42 12 48 40 16 12 10 10 44 40 32
ABS13_50_5.DAT 288 0 0 16 15 6 0 12 9 17 0 0 5 15 19 6 0 17 0 11 16 13 11 13 24 16 0 14 0 18 2 0 12 9 0 16 0 8 0 0 0 6 0 20 8 0 5 0 22 17 0
ABS14_50_5.DAT 647 0 0 0 0 0 0 24 0 17 0 0 0 0 5 0 0 13 0 0 16 0 0 26 24 0 0 0 19 0 0 0 12 1 0 0 0 0 0 0 0 0 0 0 0 6 0 0 0 17 0
ABS15_50_5.DAT 501 0 0 0 15 6 0 11 0 17 0 0 15 15 2 6 0 0 0 0 16 13 11 0 0 16 0 0 0 18 0 0 0 2 0 0 13 0 0 0 0 0 0 20 0 12 5 0 0 17 0
ABS16_50_5.DAT 0 13 18 16 15 6 22 12 9 17 11 16 5 15 19 6 26 17 11 11 16 13 11 13 24 16 11 14 19 18 10 23 6 17 16 16 13 8 11 5 21 6 24 20 8 6 5 5 22 17 16
ABS17_50_5.DAT 0 13 18 16 15 6 22 12 9 17 11 16 5 15 19 6 13 29 11 11 16 13 11 13 30 16 11 14 19 18 10 23 6 9 16 16 13 8 11 5 23 6 24 20 8 6 5 5 22 17 16
ABS18_50_5.DAT 0 13 18 16 15 6 22 12 9 17 11 16 23 46 25 6 13 17 11 11 16 13 11 13 24 16 11 14 19 18 10 23 18 9 16 16 13 8 11 5 21 6 24 20 8 6 8 5 22 17 16
ABS19_50_5.DAT 0 13 18 16 15 12 22 12 9 17 11 16 20 27 19 6 13 17 11 11 16 13 11 13 24 16 11 14 19 18 10 23 6 9 16 16 13 8 11 5 21 6 24 20 8 6 5 5 22 17 16
ABS20_50_5.DAT 0 13 18 16 15 6 22 24 12 23 11 16 11 39 19 6 13 17 11 11 16 13 11 13 24 16 11 14 40 18 10 23 12 9 16 16 13 8 11 5 33 6 24 20 8 6 5 5 22 68 16
ABS21_50_5.DAT 0 13 18 22 45 6 22 12 9 17 11 16 25 15 19 6 13 77 11 11 16 39 11 13 24 16 11 14 19 18 10 23 6 9 16 16 17 8 11 5 21 6 24 20 16 6 5 5 22 17 16
ABS22_50_5.DAT 138 26 0 32 30 12 44 24 18 34 0 32 10 30 38 12 14 85 22 22 32 26 22 26 48 32 22 28 38 36 20 10 12 18 32 0 38 16 22 10 42 12 48 40 16 12 10 10 44 34 32
ABS23_50_5.DAT 210 26 36 32 30 18 47 24 18 34 22 32 0 37 38 12 26 34 0 0 32 0 22 26 48 32 22 28 50 36 20 0 12 18 32 32 26 0 22 10 42 12 48 40 16 12 10 8 4 34 32
ABS24_50_5.DAT 0 13 18 16 15 6 40 12 9 17 11 16 5 15 19 10 13 17 11 25 16 13 11 13 60 16 11 14 20 18 10 23 6 19 16 16 43 8 11 5 21 6 24 20 8 6 5 5 22 17 16
ABS25_50_5.DAT 2008 0 0 0 0 0 0 0 0 0 0 0 0 0 0 0 0 0 0 0 0 0 0 0 0 0 0 0 2 0 0 0 6 0 0 0 0 0 0 0 0 0 0 0 0 6 0 0 0 0 0
ABS26_50_5.DAT 1959 0 0 0 0 0 0 0 9 0 0 0 5 0 0 0 0 0 0 0 16 0 0 0 0 0 0 0 9 0 0 0 6 9 0 0 9 0 0 0 0 0 0 0 0 0 0 0 0 0 0
ABS27_50_5.DAT 1900 0 0 0 0 0 0 3 9 17 0 0 0 0 4 0 0 17 0 0 0 0 0 0 24 0 0 0 0 0 0 0 18 0 0 0 0 0 0 0 0 0 0 0 8 6 0 0 0 17 0
ABS28_50_5.DAT 1581 26 18 80 15 18 66 60 3 85 11 20 25 75 57 18 39 85 0 55 80 16 11 0 72 80 33 70 95 36 10 23 18 27 0 0 65 8 11 5 105 6 84 20 16 12 10 0 35 85 0
ABS29_50_5.DAT 2342 9 0 80 0 0 57 0 0 85 0 48 24 75 57 6 0 85 0 0 80 0 11 0 72 16 33 4 55 0 0 0 6 25 0 0 65 0 0 0 0 6 0 20 8 6 10 0 0 85 0
ABS30_50_5.DAT 2049 25 0 80 75 18 56 60 0 25 0 0 23 38 13 0 0 85 0 55 75 13 0 54 72 0 33 18 86 18 0 0 6 27 26 0 65 8 11 0 81 0 24 0 0 12 10 0 44 85 0
ABS31_50_5.DAT 1983 0 0 0 30 18 28 0 19 85 0 0 25 75 53 18 0 85 0 55 80 31 22 0 72 80 33 70 95 36 0 0 0 21 0 0 65 8 0 0 105 6 0 40 0 12 10 5 26 85 0
ABS32_50_5.DAT 1828 0 0 80 0 15 66 53 19 85 0 0 0 75 57 18 18 85 0 55 80 0 0 13 72 9 15 70 95 36 22 0 18 27 32 32 65 0 0 0 105 6 0 40 16 12 10 15 44 85 2
ABS33_50_5.DAT 1998 0 0 80 75 17 40 60 0 85 0 0 25 75 23 6 7 85 0 55 76 11 19 32 72 80 0 28 95 0 22 0 18 27 0 0 27 0 0 0 81 0 0 20 0 0 0 2 44 85 0
ABS34_50_5.DAT 851 7 0 80 75 18 66 60 27 85 55 70 25 75 57 18 39 85 33 55 80 39 55 65 72 80 33 70 95 36 50 39 18 27 32 80 65 40 18 10 105 30 120 100 16 12 10 15 44 85 48
ABS35_50_5.DAT 1026 25 0 80 75 18 66 60 27 85 0 80 25 75 57 18 39 85 33 55 80 39 55 35 72 80 33 70 95 36 50 10 18 27 32 60 65 40 31 0 105 0 112 76 6 12 10 15 44 85 48
ABS36_50_5.DAT 969 24 0 80 75 15 66 60 27 85 52 80 25 75 57 18 39 85 17 55 80 11 37 59 72 80 33 70 95 0 50 46 18 13 26 80 65 40 0 10 105 30 120 100 16 12 10 15 44 85 44
ABS37_50_5.DAT 2368 0 0 16 30 12 44 0 0 17 0 0 5 0 19 6 26 0 0 0 16 26 11 0 24 16 0 0 0 0 3 0 0 0 0 0 0 0 0 0 0 6 0 20 0 6 0 0 0 34 0
ABS38_50_5.DAT 0 0 0 0 0 0 0 0 0 0 0 16 0 0 0 0 0 0 0 0 0 0 0 0 0 0 0 0 0 0 0 0 12 0 10 0 0 0 0 0 0 0 0 0 0 0 0 5 1 0 0
ABS39_50_5.DAT 2549 0 0 0 0 0 0 0 0 0 0 0 2 0 0 6 26 0 0 0 16 0 11 2 0 16 0 0 0 36 0 0 6 6 0 0 13 0 0 0 0 0 0 20 0 0 10 0 0 0 0
ABS40_50_5.DAT 1826 13 18 80 30 18 55 0 9 85 11 0 13 75 53 18 13 85 0 55 80 13 19 0 72 80 31 60 95 36 50 0 12 27 0 32 65 8 11 5 21 6 24 20 8 12 10 7 24 85 0
ABS41_50_5.DAT 0 26 36 32 30 12 44 24 18 34 22 32 10 30 38 12 26 34 22 22 32 26 22 26 48 32 22 28 38 36 20 46 12 18 32 32 26 16 22 10 42 12 48 40 16 12 10 10 44 34 32
ABS42_50_5.DAT 1868 26 0 80 47 18 28 60 0 85 11 48 25 54 57 6 13 85 13 55 76 39 19 59 24 80 11 38 38 18 10 0 15 0 32 0 65 8 0 5 81 3 0 20 0 0 10 15 40 85 0
ABS43_50_5.DAT 1926 26 0 80 15 18 22 60 18 85 0 32 25 75 22 18 0 85 0 0 80 16 21 57 72 80 33 70 67 36 0 0 12 27 0 0 65 8 22 0 0 0 57 20 16 12 10 0 0 85 0
ABS44_50_5.DAT 2112 0 0 12 0 18 47 60 0 85 11 80 25 75 57 12 13 85 0 55 41 3 22 13 72 32 11 70 86 0 0 0 0 20 1 0 65 0 0 5 0 0 24 40 0 0 10 15 0 85 14
ABS45_50_5.DAT 1716 0 0 0 63 0 66 60 27 85 22 48 25 46 52 6 35 85 0 55 76 23 19 65 72 80 0 70 95 36 38 0 18 22 0 34 65 0 27 10 15 0 0 20 0 12 10 2 44 85 44
ABS46_50_5.DAT 1093 26 24 80 75 18 66 60 27 85 0 80 25 75 57 18 39 85 0 55 80 39 37 41 72 80 33 70 95 16 50 0 18 27 0 80 65 40 0 0 105 30 95 100 16 12 10 10 44 85 32
ABS47_50_5.DAT 1119 26 0 80 75 18 66 60 19 85 0 80 25 75 57 18 39 85 5 55 80 35 55 6 72 80 33 70 95 36 50 25 18 27 12 4 65 40 33 0 105 30 120 100 16 11 10 15 11 85 44
ABS48_50_5.DAT 942 26 54 80 75 0 66 60 27 85 55 80 25 75 57 18 39 85 33 55 80 11 37 65 18 80 33 70 95 15 50 7 18 27 32 80 65 40 19 10 105 30 120 100 16 12 10 15 44 85 44
ABS49_50_5.DAT 576 0 18 0 0 0 22 12 9 17 11 16 0 0 19 0 13 5 11 0 26 0 0 13 24 0 0 0 20 0 0 20 6 0 16 0 33 8 0 5 21 6 0 0 8 0 0 5 22 17 0
ABS50_50_5.DAT 648 0 0 0 0 0 0 12 0 34 0 17 0 0 0 6 0 26 11 11 16 0 11 13 0 16 11 14 34 0 0 23 6 10 16 0 13 0 11 0 0 0 24 20 0 6 0 5 0 34 0
ABS51_50_5.DAT 0 13 18 20 15 6 22 12 11 17 11 16 25 25 31 6 13 19 11 11 16 35 11 29 24 16 11 14 19 18 10 23 6 9 16 16 21 8 11 5 23 6 24 20 8 6 5 15 22 23 16
ABS52_50_5.DAT 0 26 36 32 30 12 44 24 18 34 22 32 10 30 38 12 26 34 22 22 32 26 22 26 48 32 22 28 38 36 20 46 12 18 32 32 26 16 22 10 42 12 48 40 16 12 10 10 44 34 32
ABS53_50_5.DAT 0 13 18 25 15 12 22 24 18 17 11 16 20 24 19 6 13 17 11 11 16 22 11 13 30 16 11 14 19 18 10 23 6 18 16 16 13 8 11 5 24 6 24 20 8 6 5 5 22 17 16
ABS54_50_5.DAT 0 13 18 16 15 6 22 12 9 17 11 16 15 52 19 6 13 17 11 17 16 13 11 13 24 16 11 14 57 18 10 23 18 9 16 16 43 8 13 5 23 6 24 20 8 6 8 15 22 17 16
ABS55_50_5.DAT 0 13 18 31 15 12 34 12 9 17 11 16 11 15 19 6 13 17 11 11 16 13 11 13 24 16 11 14 64 18 10 23 6 9 16 16 31 8 11 5 84 6 24 20 8 6 5 5 22 17 16
ABS56_50_5.DAT 216 26 36 32 30 18 44 29 19 34 22 32 10 58 38 12 26 0 24 22 32 26 22 65 0 32 22 27 38 36 20 46 12 18 32 41 26 16 22 10 42 12 48 40 16 12 10 10 44 34 0
ABS57_50_5.DAT 144 13 0 63 32 18 28 33 18 17 0 16 20 37 19 6 13 17 11 14 34 26 11 13 37 64 11 14 22 18 10 23 0 9 16 0 39 8 12 0 28 6 24 20 8 0 5 5 22 68 16
ABS58_50_5.DAT 180 26 36 41 30 12 44 24 0 34 22 32 10 75 44 12 26 85 22 22 32 26 22 26 72 32 22 70 38 36 20 46 12 0 32 62 36 16 0 10 42 0 0 40 16 12 10 10 44 34 32
ABS59_50_5.DAT 0 13 18 16 15 10 22 12 9 17 11 16 10 15 19 6 13 68 11 11 16 13 11 13 24 16 13 14 19 18 10 23 6 9 16 16 13 8 11 5 21 6 24 20 8 6 5 5 22 17 16
ABS60_50_5.DAT 0 13 18 16 47 6 31 60 9 17 22 38 25 32 19 6 13 85 11 28 40 39 11 13 28 16 14 18 19 36 50 23 12 18 16 16 13 8 22 10 21 11 24 20 8 12 10 5 44 17 16
ABS61_50_5.DAT 287 13 0 16 15 6 0 12 9 17 0 16 5 30 38 6 0 0 0 11 16 13 11 0 24 16 11 0 19 18 10 23 6 9 0 0 13 8 11 0 0 12 24 20 0 6 10 0 22 17 16
ABS62_50_5.DAT 643 0 18 0 0 6 0 12 0 17 0 32 10 4 0 6 0 0 11 11 16 0 11 0 0 16 11 0 19 0 0 23 0 9 0 16 13 0 11 0 42 0 24 20 8 0 0 5 0 17 0
ABS63_50_5.DAT 0 13 0 48 0 12 8 0 0 0 2 0 15 21 57 6 26 0 11 33 16 6 11 4 0 16 0 22 39 18 10 1 6 0 16 0 21 0 11 0 21 10 0 20 8 0 5 5 0 0 0
ABS64_50_5.DAT 0 0 0 0 0 0 0 0 0 0 0 0 0 0 0 0 0 51 0 3 0 0 0 0 0 0 0 24 0 0 0 0 0 0 0 0 39 0 0 0 0 0 0 0 0 0 0 0 0 0 0
ABS65_50_5.DAT 0 0 0 16 0 6 0 0 0 0 0 0 15 6 0 0 0 0 0 0 0 12 0 0 0 0 0 0 0 0 0 0 3 0 0 0 0 0 0 0 0 0 0 0 0 0 0 0 0 0 0
ABS66_50_5.DAT 288 13 18 32 47 6 0 14 21 17 0 16 25 20 19 6 0 19 19 55 16 39 11 1 24 16 0 14 27 18 10 23 6 0 16 24 0 8 0 0 0 6 0 20 16 6 5 5 44 17 16
ABS67_50_5.DAT 0 13 18 16 15 6 22 12 9 17 11 16 5 60 19 6 13 68 11 11 16 13 11 13 33 16 11 53 19 18 10 23 6 9 16 16 13 8 11 5 21 6 24 20 8 6 5 5 22 17 16
ABS68_50_5.DAT 0 13 54 0 30 0 0 0 18 34 0 0 10 0 0 12 0 34 22 22 32 0 22 0 0 32 33 28 57 0 0 21 0 14 32 32 13 16 11 0 42 0 24 40 16 12 0 10 0 34 0
ABS69_50_5.DAT 780 26 0 39 30 0 44 0 19 0 22 0 0 30 38 12 26 0 22 22 32 0 22 26 0 32 32 70 38 0 0 46 18 18 32 2 40 0 22 10 3 12 24 40 0 12 0 15 44 34 36
ABS70_50_5.DAT 0 13 18 16 30 12 39 12 18 17 11 32 10 75 19 12 13 85 11 22 32 26 22 13 72 32 11 28 47 36 10 46 12 9 16 16 65 16 11 10 21 6 24 40 16 12 10 5 44 17 16
ABS71_50_5.DAT 0 13 36 32 30 17 22 12 9 17 11 16 25 15 19 12 13 85 19 27 32 26 22 26 24 32 11 42 19 36 20 23 6 15 32 32 13 8 11 5 42 12 24 40 16 6 5 5 22 17 34
ABS72_50_5.DAT 0 0 0 0 0 0 12 36 0 9 0 0 15 0 19 0 3 0 7 3 18 9 0 27 9 45 0 0 18 0 0 0 0 0 0 42 0 0 0 0 3 2 0 0 0 0 0 5 0 0 0
ABS73_50_5.DAT 0 26 36 96 30 12 66 60 21 34 55 80 25 75 38 12 39 85 33 22 32 39 55 65 48 80 22 28 38 36 50 46 12 18 32 80 65 40 22 10 105 30 120 40 16 12 10 15 44 34 32
ABS74_50_5.DAT 0 0 0 5 60 0 0 27 2 0 0 0 0 0 19 6 0 0 0 33 64 13 0 0 0 48 11 14 0 0 0 0 6 9 0 0 0 8 11 0 0 6 66 20 0 0 0 0 0 0 16
ABS75_50_5.DAT 0 0 0 0 0 3 20 36 0 0 33 0 2 0 0 6 13 0 0 0 48 13 30 0 24 48 0 42 8 0 18 0 3 0 0 48 39 24 6 0 0 18 72 0 0 0 0 0 0 51 6
ABS76_50_5.DAT 0 0 12 32 45 0 0 0 9 0 33 0 0 0 19 0 4 51 0 0 16 13 33 0 24 42 7 56 76 0 30 0 0 0 0 0 0 0 0 0 0 18 72 20 0 0 0 5 0 0 0
ABS77_50_5.DAT 0 26 54 80 75 18 62 24 18 34 22 32 10 30 57 12 39 34 22 55 80 33 22 26 48 80 22 70 86 36 20 46 12 18 32 80 65 16 24 10 42 12 48 40 16 12 10 15 44 34 41
ABS78_50_5.DAT 0 0 0 48 15 0 1 0 9 0 0 0 0 19 0 0 0 0 0 0 48 3 22 6 0 32 0 42 57 0 20 0 0 0 0 32 26 8 0 0 8 6 48 56 0 0 0 0 0 34 0
ABS79_50_5.DAT 0 0 18 0 0 0 0 0 0 51 33 0 0 45 0 0 0 51 4 0 48 6 0 0 24 0 0 56 57 0 0 0 0 0 0 48 0 0 0 0 63 0 72 60 0 0 0 5 0 51 16
ABS80_50_5.DAT 0 0 6 16 60 0 22 36 9 0 33 48 15 21 12 0 0 0 10 0 0 0 33 39 0 48 0 0 19 0 30 0 6 0 0 48 0 8 0 0 0 0 56 0 0 0 0 5 0 0 0
ABS81_50_5.DAT 144 26 36 96 45 12 0 60 27 34 55 32 10 90 48 18 8 41 33 22 48 39 55 26 71 80 33 42 114 36 38 46 18 27 20 32 26 48 33 10 84 18 120 120 16 12 10 10 44 85 33
ABS82_50_5.DAT 0 26 36 96 90 12 66 24 27 85 22 80 10 45 38 12 39 34 22 22 48 39 43 26 54 80 22 38 82 36 50 46 12 27 32 80 26 24 33 10 105 30 120 60 16 12 10 10 44 85 32
ABS83_50_5.DAT 0 26 54 32 75 18 44 37 18 85 55 80 25 30 57 18 26 85 22 55 80 39 22 32 72 32 33 52 114 36 20 46 18 27 32 32 26 48 33 10 105 36 120 76 16 12 10 10 44 85 32
ABS84_50_5.DAT 0 13 18 48 60 6 22 12 9 17 37 16 15 45 19 6 14 51 11 11 16 14 33 39 24 48 11 14 57 18 30 23 6 9 16 48 39 32 11 5 63 24 72 60 8 6 5 5 22 51 16
ABS85_50_5.DAT 0 26 36 32 45 12 44 24 18 34 22 32 10 45 38 12 26 34 22 22 48 26 22 26 48 32 22 42 57 36 20 46 12 18 32 32 26 24 22 10 42 18 48 60 16 12 10 10 44 34 32
ABS86_50_5.DAT 0 13 18 32 30 6 22 12 9 17 11 16 5 30 19 6 13 17 11 11 32 17 11 26 24 16 11 28 38 18 10 23 6 9 16 16 13 16 11 5 21 6 24 40 8 6 5 5 22 17 16
ABS87_50_5.DAT 0 13 18 32 30 12 22 12 9 17 11 16 5 45 19 6 13 17 11 22 32 13 22 13 24 16 11 14 19 18 20 23 6 9 16 16 13 16 11 5 21 12 24 40 8 6 5 5 22 17 16
ABS88_50_5.DAT 775 20 48 96 90 18 66 60 27 85 55 80 25 90 57 18 39 85 33 55 96 39 55 65 66 80 33 84 114 36 50 46 18 27 32 80 65 48 33 10 105 36 109 120 16 12 10 15 44 85 48
ABS89_50_5.DAT 451 26 54 64 75 18 66 48 18 68 44 64 20 75 57 18 39 68 33 44 80 39 44 52 72 64 33 70 95 36 40 46 12 27 32 64 52 40 33 5 84 30 102 100 16 12 10 15 44 68 48
ABS90_50_5.DAT 0 26 36 32 30 12 44 24 18 34 22 32 10 30 38 12 26 34 22 22 32 26 22 26 48 32 22 28 38 36 20 46 12 18 32 32 26 16 22 10 42 12 48 40 16 12 10 10 44 34 32
ABS91_50_5.DAT 0 0 0 16 15 0 0 0 0 0 9 0 0 15 0 0 0 0 0 0 16 0 0 0 0 0 0 14 19 0 0 0 0 0 0 14 0 8 0 0 0 6 24 20 0 0 0 0 0 0 0
ABS92_50_5.DAT 993 26 54 96 90 18 66 60 27 85 55 0 25 90 57 18 10 85 23 12 96 39 55 65 72 80 33 84 114 36 50 46 18 27 16 80 65 48 33 10 105 36 120 120 16 12 10 5 11 85 48
ABS93_50_5.DAT 429 0 34 64 60 18 22 36 9 51 33 48 15 60 57 18 13 68 33 33 64 39 33 39 72 48 22 56 95 0 30 46 6 9 25 48 39 32 11 0 63 24 72 120 8 6 10 15 7 51 48
ABS94_50_5.DAT 518 25 54 80 75 12 44 48 27 68 44 64 25 75 57 18 20 68 33 44 80 39 44 52 72 64 33 70 95 18 40 46 12 27 32 64 65 48 33 0 84 30 96 100 16 12 5 15 44 68 48
ABS95_50_5.DAT 0 26 36 48 45 12 44 24 18 34 22 32 10 45 38 12 26 34 22 22 48 26 22 26 48 32 22 42 57 36 20 46 12 18 32 32 26 24 22 10 42 18 48 60 16 12 10 10 44 34 32
ABS96_50_5.DAT 0 0 0 16 15 6 0 0 0 0 11 0 0 15 0 0 0 0 0 0 16 0 0 9 0 0 0 14 19 0 0 0 0 0 0 0 0 8 0 0 0 6 0 20 0 0 0 0 0 0 0