MVPRP_C10_P3_V2_I1.dat 152 10 15 15 7 13 16 22 13 19 22
MVPRP_C10_P3_V2_I2.dat 152 0 0 0 0 0 0 0 0 0 0
MVPRP_C10_P3_V2_I3.dat 144 20 30 0 14 26 32 0 26 38 0
MVPRP_C10_P3_V2_I4.dat 0 10 15 0 7 13 80 0 13 95 0
MVPRP_C10_P3_V3_I1.dat 126 20 30 30 14 26 32 0 26 0 0
MVPRP_C10_P3_V3_I2.dat 126 20 30 30 14 26 32 0 26 0 0
MVPRP_C10_P3_V3_I3.dat 126 20 30 30 14 26 32 0 26 0 0
MVPRP_C10_P3_V3_I4.dat 0 10 30 45 7 26 80 110 13 0 88
MVPRP_C15_P3_V2_I1.dat 0 0 0 0 0 0 0 0 0 0 0 0 0 1 19 0
MVPRP_C15_P3_V2_I2.dat 0 0 0 0 0 0 0 0 0 0 0 0 0 1 19 0
MVPRP_C15_P3_V2_I3.dat 0 0 0 0 7 0 16 0 0 0 22 0 21 0 0 5
MVPRP_C15_P3_V2_I4.dat 0 10 15 30 21 26 32 44 13 19 44 19 42 19 57 20
MVPRP_C15_P3_V3_I1.dat 0 0 0 0 0 13 0 0 0 0 0 0 0 0 0 0
MVPRP_C15_P3_V3_I2.dat 129 10 15 0 7 26 16 0 0 0 0 0 21 0 19 5
MVPRP_C15_P3_V3_I3.dat 0 0 0 0 14 0 32 0 0 2 0 38 42 0 38 0
MVPRP_C15_P3_V3_I4.dat 0 0 0 30 7 26 16 22 26 0 110 76 21 19 0 0
MVPRP_C20_P3_V2_I1.dat 252 16 6 5 9 21 8 20 22 14 19 26 17 13 14 10 20 5 23 7 13
MVPRP_C20_P3_V2_I2.dat 252 0 0 0 0 0 0 0 0 0 0 13 0 0 0 5 0 0 0 0 0
MVPRP_C20_P3_V2_I3.dat 0 22 6 5 9 21 8 20 22 14 19 13 34 13 14 10 40 5 46 7 13
MVPRP_C20_P3_V2_I4.dat 0 32 24 20 27 105 40 120 44 0 19 26 68 78 70 20 20 25 23 14 65
MVPRP_C20_P3_V3_I1.dat 270 16 0 0 18 0 8 40 44 14 0 26 17 26 0 5 20 0 23 14 0
MVPRP_C20_P3_V3_I2.dat 0 0 0 0 0 0 0 0 0 0 0 0 0 0 0 1 0 0 0 0 0
MVPRP_C20_P3_V3_I3.dat 270 13 12 10 0 42 0 40 44 28 0 0 0 26 6 10 40 10 0 0 26
MVPRP_C20_P3_V3_I4.dat 0 4 0 0 0 0 8 0 0 0 19 13 0 0 73 0 0 0 23 7 0
MVPRP_C25_P3_V2_I1.dat 0 0 0 0 0 0 0 0 0 0 0 0 0 0 0 0 0 0 0 0 0 0 0 0 0 0
MVPRP_C25_P3_V2_I2.dat 0 0 0 0 0 0 0 0 0 0 0 0 0 0 0 0 0 0 0 0 0 0 0 0 0 0
MVPRP_C25_P3_V2_I3.dat 0 0 0 0 18 0 16 40 0 0 0 26 34 0 0 10 0 0 46 14 0 48 22 0 24 0
MVPRP_C25_P3_V2_I4.dat 0 32 24 0 18 0 16 40 0 0 0 26 34 0 0 0 0 0 46 14 0 48 22 24 24 127
MVPRP_C25_P3_V3_I1.dat 0 0 0 0 0 0 0 0 0 0 0 0 0 0 0 5 0 0 0 0 0 0 0 0 0 0
MVPRP_C25_P3_V3_I2.dat 0 0 0 0 0 0 0 0 0 0 0 0 0 0 0 0 0 0 0 0 0 0 0 0 0 0
MVPRP_C25_P3_V3_I3.dat 0 16 6 10 9 42 8 20 22 14 19 26 17 13 14 10 22 5 23 14 26 48 11 12 24 21
MVPRP_C25_P3_V3_I4.dat 0 4 0 25 0 126 0 20 22 84 38 0 68 13 0 25 20 30 23 0 78 0 55 12 0 0
MVPRP_C30_P3_V3_I1.dat 0 0 0 0 0 0 0 0 0 0 0 0 0 0 0 0 0 0 0 0 0 0 5 0 0 0 0 0 0 0 0
MVPRP_C30_P3_V3_I2.dat 0 0 0 0 0 0 0 0 0 0 0 0 0 0 0 0 0 0 0 0 0 0 0 0 0 0 0 0 0 0 0
MVPRP_C30_P3_V3_I3.dat 0 22 17 15 11 9 19 17 22 8 17 7 26 7 9 6 18 16 24 8 7 14 5 5 16 19 16 18 17 26 12
MVPRP_C30_P3_V3_I4.dat 0 44 34 15 22 18 19 102 22 16 17 14 13 14 9 12 36 16 12 16 14 28 10 10 32 19 16 36 17 26 24
MVPRP_C30_P3_V4_I1.dat 237 0 0 0 0 9 0 0 0 8 0 7 0 7 0 0 18 16 12 8 7 14 5 5 0 0 0 18 0 13 0
MVPRP_C30_P3_V4_I2.dat 237 0 0 0 0 9 0 0 0 8 0 7 0 7 0 0 18 16 12 8 7 14 5 5 0 0 0 18 0 13 0
MVPRP_C30_P3_V4_I3.dat 0 0 0 0 0 0 0 0 0 8 5 0 0 7 0 0 18 0 0 0 0 14 5 0 0 0 0 0 0 0 0
MVPRP_C30_P3_V4_I4.dat 0 22 17 15 11 9 79 17 0 0 0 7 0 7 0 6 0 0 0 8 0 0 0 5 0 19 16 18 17 0 12
MVPRP_C35_P3_V3_I1.dat 266 0 0 0 0 9 0 0 0 8 0 7 0 7 9 0 18 16 12 8 7 14 5 5 0 0 0 18 0 13 0 24 17 11 0 0
MVPRP_C35_P3_V3_I2.dat 276 22 0 0 0 9 0 0 0 8 3 7 13 7 0 6 18 0 0 8 14 14 5 5 0 0 0 18 0 13 0 24 0 11 0 0
MVPRP_C35_P3_V3_I3.dat 0 22 17 15 11 9 19 17 11 16 17 7 26 7 9 6 36 16 12 8 14 28 10 5 16 19 16 18 19 26 24 24 17 22 24 15
MVPRP_C35_P3_V3_I4.dat 0 0 34 15 0 0 38 34 11 16 68 14 26 14 18 0 72 32 21 48 21 28 30 0 32 0 32 36 0 26 48 0 51 22 31 30
MVPRP_C35_P3_V4_I1.dat 0 0 0 0 0 0 0 0 0 0 0 0 0 7 0 0 0 0 0 0 7 0 0 0 0 0 0 0 0 0 0 0 0 0 0 0
MVPRP_C35_P3_V4_I2.dat 0 0 0 0 0 0 0 0 0 0 0 0 0 0 0 0 0 0 0 0 0 0 0 0 0 0 0 0 0 0 0 0 0 0 0 0
MVPRP_C35_P3_V4_I3.dat 0 44 20 0 0 0 0 0 0 0 0 14 0 14 0 0 36 0 12 16 14 0 10 0 0 0 0 36 0 0 0 0 0 22 0 0
MVPRP_C35_P3_V4_I4.dat 0 0 0 45 22 18 38 31 0 0 28 28 91 14 18 30 0 32 12 32 7 70 0 20 64 38 32 36 68 0 24 24 17 0 46 45
MVPRP_C40_P3_V3_I1.dat 546 0 7 0 0 0 11 15 0 0 0 0 0 0 0 0 0 6 0 0 0 0 0 19 0 18 0 0 0 0 0 0 0 0 0 6 0 0 0 0 0
MVPRP_C40_P3_V3_I2.dat 0 0 0 0 0 0 0 0 0 0 0 0 0 0 0 0 0 0 0 0 0 0 0 0 0 0 0 0 0 0 0 0 0 0 0 0 0 0 0 0 0
MVPRP_C40_P3_V3_I3.dat 0 0 0 0 0 0 11 0 0 0 0 22 0 0 0 0 0 0 0 0 0 0 0 0 0 0 0 16 0 0 0 0 0 0 0 0 0 0 0 9 0
MVPRP_C40_P3_V3_I4.dat 0 0 14 0 26 0 0 0 0 0 28 0 18 42 168 0 0 12 23 0 44 0 0 0 40 0 0 0 0 0 42 48 44 40 0 0 30 40 0 0 0
MVPRP_C40_P3_V4_I1.dat 0 0 0 0 0 0 0 0 0 0 0 0 0 0 0 0 0 0 0 0 0 0 0 0 0 0 0 0 0 0 0 0 0 0 0 0 0 0 0 0 0
MVPRP_C40_P3_V4_I2.dat 535 0 7 0 0 0 11 15 0 0 0 0 0 1 0 0 0 6 0 10 0 0 0 19 0 18 0 0 0 0 0 0 0 0 0 6 0 0 0 0 0
MVPRP_C40_P3_V4_I3.dat 0 8 7 6 26 18 22 15 20 23 14 44 9 36 24 6 15 6 22 20 44 24 18 19 20 18 14 32 8 16 21 24 22 20 10 6 15 20 22 18 14
MVPRP_C40_P3_V4_I4.dat 0 56 0 12 78 126 66 60 0 0 14 44 0 105 0 6 30 42 44 30 66 72 36 0 0 0 42 32 16 64 42 0 44 37 40 0 105 0 0 0 28
MVPRP_C45_P3_V3_I1.dat 0 0 0 0 0 0 0 0 0 0 0 0 0 1 0 0 0 0 0 0 0 0 0 0 0 0 0 0 0 0 0 0 0 0 0 0 0 0 0 9 0 0 0 0 0 0
MVPRP_C45_P3_V3_I2.dat 0 0 0 0 0 0 0 0 0 0 0 3 0 0 0 6 0 0 0 0 0 0 0 0 0 0 0 0 0 0 0 0 0 0 0 0 0 0 0 0 0 0 0 0 0 0
MVPRP_C45_P3_V3_I3.dat 0 0 14 0 3 0 22 0 0 46 0 44 0 0 0 0 30 12 0 0 0 2 0 38 0 36 0 0 16 0 0 0 0 0 20 12 0 19 44 18 0 42 0 0 0 0
MVPRP_C45_P3_V3_I4.dat 0 0 7 6 13 18 11 0 0 23 14 0 0 0 0 0 15 6 22 10 22 24 18 0 0 0 0 32 2 16 21 0 0 43 10 0 15 20 0 9 14 0 0 0 15 0
MVPRP_C45_P3_V4_I1.dat 666 0 0 0 0 0 11 0 0 0 0 0 0 0 0 6 0 0 0 0 0 0 0 19 0 18 0 0 0 0 0 0 0 0 0 0 0 0 0 0 0 0 0 0 0 0
MVPRP_C45_P3_V4_I2.dat 587 0 7 0 0 0 0 15 0 23 0 0 0 0 0 0 0 6 0 0 0 0 0 19 0 18 0 16 0 0 0 0 0 0 10 0 0 4 0 9 0 0 0 0 5 0
MVPRP_C45_P3_V4_I3.dat 0 8 7 6 13 18 22 15 20 23 14 22 9 21 24 6 15 12 22 20 44 24 27 19 20 18 14 16 8 16 21 24 22 25 10 6 15 40 22 9 14 21 24 17 15 14
MVPRP_C45_P3_V4_I4.dat 0 48 7 12 26 36 22 90 60 23 28 22 9 42 48 12 45 6 88 20 44 48 36 19 20 18 28 48 24 16 21 72 22 31 10 6 105 120 110 54 42 63 72 51 45 14
MVPRP_C50_P3_V3_I1.dat 647 0 0 0 0 0 0 0 0 0 0 0 0 0 0 0 13 0 0 0 0 0 0 0 0 0 0 0 0 0 0 0 6 0 0 0 0 8 0 0 0 0 0 0 0 0 0 0 0 0 0
MVPRP_C50_P3_V3_I2.dat 0 0 0 0 0 0 0 0 0 0 0 0 0 0 0 0 0 0 0 0 0 0 0 0 0 0 0 0 0 0 0 0 0 0 0 0 0 0 0 0 0 0 0 0 0 0 0 0 0 0 0
MVPRP_C50_P3_V3_I3.dat 360 0 0 0 15 6 22 24 0 17 0 16 10 15 0 12 13 0 11 11 32 13 11 13 3 16 0 0 19 18 0 23 0 0 16 0 0 16 0 0 0 6 0 20 0 6 5 5 22 17 0
MVPRP_C50_P3_V3_I4.dat 0 26 36 16 30 12 44 12 9 102 22 16 30 105 38 6 26 34 11 66 96 52 11 13 48 80 33 14 19 36 20 23 24 27 32 32 65 56 33 10 42 36 120 120 16 6 10 5 66 102 64
MVPRP_C50_P3_V4_I1.dat 0 0 0 0 0 1 0 0 9 0 0 0 0 0 0 0 0 0 0 0 0 0 0 0 0 0 0 0 0 0 0 0 12 0 0 0 4 8 0 0 0 0 0 0 0 6 0 0 0 0 0
MVPRP_C50_P3_V4_I2.dat 0 0 0 0 0 0 0 0 0 0 0 0 0 0 0 0 0 0 0 0 0 0 0 0 0 0 0 0 0 0 0 0 0 0 0 0 0 0 0 0 0 0 0 0 0 0 0 0 0 0 0
MVPRP_C50_P3_V4_I3.dat 0 13 0 16 0 0 0 0 9 0 0 0 5 0 0 0 0 0 0 0 16 13 0 13 0 0 11 0 0 0 0 0 6 13 0 3 13 0 11 0 0 0 24 0 8 12 0 5 1 0 0
MVPRP_C50_P3_V4_I4.dat 0 13 18 16 30 12 44 12 18 17 22 16 10 105 38 6 13 34 11 22 16 26 11 13 48 16 11 28 38 36 20 46 12 9 16 16 13 16 11 10 42 12 24 20 16 12 10 10 44 17 16
MVPRP_C10_P6_V2_I1.dat 0 10 15 15 7 13 16 22 13 19 22
MVPRP_C10_P6_V2_I2.dat 0 10 15 15 7 13 16 22 13 19 22
MVPRP_C10_P6_V2_I3.dat 0 20 31 30 14 39 32 44 26 38 44
MVPRP_C10_P6_V2_I4.dat 0 0 15 0 0 13 32 46 0 24 22
MVPRP_C10_P6_V3_I1.dat 152 30 30 30 21 39 32 22 39 38 23
MVPRP_C10_P6_V3_I2.dat 109 10 0 0 7 13 0 0 13 0 0
MVPRP_C10_P6_V3_I3.dat 0 10 15 15 7 13 18 22 13 19 22
MVPRP_C10_P6_V3_I4.dat 0 20 15 45 7 13 64 51 26 19 44
MVPRP_C15_P6_V2_I1.dat 59 10 15 0 7 13 16 0 13 19 0 19 21 19 19 5
MVPRP_C15_P6_V2_I2.dat 0 0 0 0 0 0 0 0 0 0 0 0 0 0 0 0
MVPRP_C15_P6_V2_I3.dat 0 0 0 0 21 4 0 0 26 38 0 38 0 38 38 0
MVPRP_C15_P6_V2_I4.dat 90 20 60 30 14 39 112 66 26 133 44 95 51 38 0 20
MVPRP_C15_P6_V3_I1.dat 0 0 0 2 0 0 0 0 13 0 0 0 0 1 0 0
MVPRP_C15_P6_V3_I2.dat 125 10 15 15 0 13 16 0 0 0 0 19 21 0 19 5
MVPRP_C15_P6_V3_I3.dat 0 0 0 15 0 26 0 20 0 0 22 19 0 0 0 0
MVPRP_C15_P6_V3_I4.dat 132 10 15 3 11 26 80 110 39 0 44 114 21 133 52 10
MVPRP_C20_P6_V2_I1.dat 0 16 6 5 9 21 8 20 22 14 19 13 17 13 14 5 20 5 23 7 13
MVPRP_C20_P6_V2_I2.dat 0 16 6 5 9 21 8 20 22 14 19 13 17 13 14 5 20 5 23 7 13
MVPRP_C20_P6_V2_I3.dat 0 16 6 5 9 21 8 20 22 14 19 29 17 13 42 25 20 15 23 7 13
MVPRP_C20_P6_V2_I4.dat 0 46 30 10 36 63 48 60 22 56 38 15 34 52 70 20 40 25 46 21 13
MVPRP_C20_P6_V3_I1.dat 0 0 0 0 0 0 0 0 0 0 0 0 0 0 2 0 0 0 0 0 0
MVPRP_C20_P6_V3_I2.dat 270 16 12 10 27 42 16 60 66 14 38 39 17 39 29 15 20 10 23 21 26
MVPRP_C20_P6_V3_I3.dat 0 20 6 5 9 21 40 20 22 14 19 13 17 29 14 5 20 5 23 7 13
MVPRP_C20_P6_V3_I4.dat 261 0 12 0 18 84 56 100 66 98 0 39 68 91 56 10 60 10 69 21 26
MVPRP_C25_P6_V2_I1.dat 0 0 0 0 0 0 0 0 0 0 0 0 0 0 0 0 0 0 0 0 0 0 0 0 0 0
MVPRP_C25_P6_V2_I2.dat 225 0 0 0 9 0 0 20 22 0 0 13 0 13 0 5 0 0 0 7 0 24 0 0 12 0
MVPRP_C25_P6_V2_I3.dat 0 16 6 5 18 21 8 20 22 14 19 26 51 13 14 15 20 5 23 14 13 48 11 12 24 22
MVPRP_C25_P6_V2_I4.dat 0 0 30 15 0 42 16 0 0 56 0 4 85 26 98 20 40 25 4 14 52 96 22 12 72 63
MVPRP_C25_P6_V3_I1.dat 0 0 0 0 0 0 0 0 0 0 0 0 0 0 4 0 0 0 0 0 0 0 0 0 0 0
MVPRP_C25_P6_V3_I2.dat 0 0 0 0 0 0 0 0 0 0 0 0 0 0 0 0 0 0 0 0 0 0 0 0 0 0
MVPRP_C25_P6_V3_I3.dat 189 16 6 5 9 21 16 0 0 14 19 13 17 0 14 5 20 5 23 7 13 24 22 12 12 0
MVPRP_C25_P6_V3_I4.dat 171 40 18 20 18 63 8 100 66 42 19 39 85 91 70 5 25 5 40 21 13 95 33 0 48 45
MVPRP_C30_P6_V3_I1.dat 0 0 0 0 0 0 0 0 0 0 0 0 0 0 0 0 0 0 0 0 0 0 0 0 0 0 0 0 0 0 0
MVPRP_C30_P6_V3_I2.dat 130 22 17 0 11 9 0 17 0 8 0 7 13 7 9 6 18 16 12 8 7 14 5 5 0 0 0 18 0 13 12
MVPRP_C30_P6_V3_I3.dat 0 0 0 0 0 0 0 2 0 0 0 28 0 0 1 0 0 0 0 8 0 0 10 0 0 0 0 18 0 13 0
MVPRP_C30_P6_V3_I4.dat 0 88 51 15 12 12 57 51 11 8 68 28 91 21 27 36 52 48 12 40 14 14 10 20 16 76 16 72 51 13 36
MVPRP_C30_P6_V4_I1.dat 267 0 0 0 0 9 0 0 0 8 0 7 0 7 0 0 18 0 12 8 7 14 5 5 0 0 0 18 0 13 0
MVPRP_C30_P6_V4_I2.dat 260 0 0 0 0 9 0 0 0 8 0 7 0 0 0 0 18 0 12 8 7 14 5 5 0 0 0 18 0 13 0
MVPRP_C30_P6_V4_I3.dat 0 22 17 15 11 9 19 17 11 8 55 28 39 7 27 6 18 48 12 8 7 14 15 5 16 19 16 18 27 13 12
MVPRP_C30_P6_V4_I4.dat 0 66 0 26 0 18 25 85 11 8 43 7 13 21 18 30 0 80 12 32 7 14 5 20 0 57 16 36 5 0 34
MVPRP_C35_P6_V3_I1.dat 258 0 0 0 0 9 0 0 0 8 17 7 0 7 0 0 18 16 12 8 21 14 5 5 0 0 0 18 0 13 0 24 17 11 0 0
MVPRP_C35_P6_V3_I2.dat 0 0 0 0 0 0 0 0 0 0 0 0 0 0 0 0 0 0 0 0 0 0 0 0 0 0 0 0 0 0 0 0 0 0 0 0
MVPRP_C35_P6_V3_I3.dat 0 22 17 15 11 9 38 22 11 8 17 35 13 21 9 6 18 16 12 8 7 14 5 5 16 19 16 18 17 13 12 24 17 11 23 15
MVPRP_C35_P6_V3_I4.dat 0 88 52 0 0 27 19 51 0 24 102 0 65 28 27 36 0 96 24 48 0 28 5 20 16 76 32 72 0 52 0 0 34 11 92 0
MVPRP_C35_P6_V4_I1.dat 333 0 0 0 0 0 0 0 0 8 0 7 13 7 9 0 18 16 0 8 7 14 5 0 0 0 0 18 0 0 0 0 0 11 0 0
MVPRP_C35_P6_V4_I2.dat 0 0 0 0 0 0 0 0 0 0 0 0 0 0 0 0 0 0 0 0 0 0 0 0 0 0 0 0 0 0 0 0 0 0 0 0
MVPRP_C35_P6_V4_I3.dat 0 22 17 15 11 9 19 17 11 8 17 7 13 7 9 6 18 16 12 8 14 14 5 5 16 19 16 18 17 14 12 24 17 11 23 15
MVPRP_C35_P6_V4_I4.dat 0 66 68 45 22 27 38 102 33 32 85 21 78 49 27 12 54 64 36 16 21 70 30 25 51 133 32 36 34 26 24 72 51 66 161 45
MVPRP_C40_P6_V3_I1.dat 550 0 0 0 0 0 11 15 0 0 0 0 0 0 0 0 0 0 0 0 0 0 0 19 0 18 0 0 0 0 0 0 0 0 0 6 0 0 0 9 0
MVPRP_C40_P6_V3_I2.dat 0 0 0 0 0 0 0 0 0 0 0 0 0 0 0 0 0 0 0 0 0 0 0 0 0 0 0 0 0 0 0 0 0 0 0 0 0 0 0 0 0
MVPRP_C40_P6_V3_I3.dat 0 8 14 6 13 18 11 15 20 23 14 22 9 21 34 18 15 12 22 10 22 24 18 19 20 18 14 16 16 16 21 24 28 20 10 6 15 20 22 9 14
MVPRP_C40_P6_V3_I4.dat 0 24 7 0 59 108 11 15 13 69 42 44 9 105 96 0 0 30 88 20 88 16 90 19 120 36 14 0 8 48 63 10 66 60 30 18 30 100 110 18 0
MVPRP_C40_P6_V4_I1.dat 0 0 0 0 0 0 0 0 0 0 0 0 0 0 0 0 0 0 0 0 0 0 0 0 0 0 0 0 0 0 0 0 0 0 0 0 0 0 0 0 0
MVPRP_C40_P6_V4_I2.dat 519 8 7 0 0 0 0 15 0 0 0 0 0 0 0 0 0 6 0 0 0 0 0 19 0 18 0 0 0 0 0 0 0 20 0 6 0 1 0 9 0
MVPRP_C40_P6_V4_I3.dat 270 17 21 0 13 18 33 15 20 23 14 0 18 26 48 6 15 18 22 10 22 0 18 0 40 0 14 16 16 16 32 48 44 40 10 0 0 40 22 27 14
MVPRP_C40_P6_V4_I4.dat 0 40 21 18 52 0 66 0 20 0 42 0 27 75 120 0 30 30 72 10 0 24 18 0 140 108 0 16 1 32 63 72 95 33 0 12 75 100 110 54 14
MVPRP_C10_P9_V2_I1.dat 152 0 0 0 0 0 0 0 0 0 0
MVPRP_C10_P9_V2_I2.dat 152 30 45 45 21 39 48 66 39 57 66
MVPRP_C10_P9_V2_I3.dat 0 10 7 0 0 26 0 0 0 0 0
MVPRP_C10_P9_V2_I4.dat 0 30 45 45 14 39 48 127 26 38 44
MVPRP_C10_P9_V3_I1.dat 0 0 0 0 0 0 0 0 0 0 0
MVPRP_C10_P9_V3_I2.dat 152 30 60 45 18 52 64 44 39 38 66
MVPRP_C10_P9_V3_I3.dat 0 10 15 15 7 21 16 22 18 38 22
MVPRP_C10_P9_V3_I4.dat 0 30 45 45 21 39 96 66 39 98 110
MVPRP_C15_P9_V2_I1.dat 235 2 15 15 7 13 16 22 13 19 22 38 21 19 4 10
MVPRP_C15_P9_V2_I2.dat 235 10 15 15 7 13 18 0 13 19 0 38 21 19 38 10
MVPRP_C15_P9_V2_I3.dat 0 10 15 30 7 13 16 22 13 19 44 38 21 19 19 15
MVPRP_C15_P9_V2_I4.dat 233 0 0 45 21 0 64 94 39 38 44 85 84 123 19 20
MVPRP_C15_P9_V3_I1.dat 132 3 0 15 0 13 0 7 0 0 22 19 0 0 19 5
MVPRP_C15_P9_V3_I2.dat 116 10 15 0 7 13 16 0 13 0 0 0 21 0 19 5
MVPRP_C15_P9_V3_I3.dat 220 20 30 30 14 26 34 22 0 0 22 38 42 2 76 20
MVPRP_C15_P9_V3_I4.dat 225 0 45 6 14 31 96 126 26 113 132 0 63 114 18 15
MVPRP_C20_P9_V2_I1.dat 0 0 0 0 0 0 0 0 0 0 0 0 0 0 0 0 0 0 0 0 0
MVPRP_C20_P9_V2_I2.dat 270 32 12 10 27 42 24 60 22 14 38 26 19 39 42 15 40 15 23 14 26
MVPRP_C20_P9_V2_I3.dat 259 32 12 10 0 42 16 0 0 0 38 0 34 0 45 20 40 20 46 0 26
MVPRP_C20_P9_V2_I4.dat 232 48 36 30 0 126 24 30 66 52 57 0 102 78 56 30 60 35 69 14 91
MVPRP_C20_P9_V3_I1.dat 157 16 0 0 9 0 8 20 22 0 0 13 0 13 0 5 0 0 0 7 0
MVPRP_C20_P9_V3_I2.dat 270 16 6 5 18 29 16 40 0 0 19 13 0 26 28 10 14 10 0 7 13
MVPRP_C20_P9_V3_I3.dat 0 0 0 0 25 0 0 0 0 0 0 26 0 0 5 0 0 0 0 14 0
MVPRP_C20_P9_V3_I4.dat 0 0 24 5 12 42 8 53 22 28 38 13 34 65 65 18 0 25 23 7 78
MVPRP_C25_P9_V2_I1.dat 225 0 0 0 9 0 0 20 22 0 0 13 0 13 0 5 0 0 0 7 0 24 0 0 12 0
MVPRP_C25_P9_V2_I2.dat 0 0 0 0 0 0 0 0 0 0 0 0 0 0 0 0 0 0 0 0 0 0 0 0 0 0
MVPRP_C25_P9_V2_I3.dat 0 0 12 10 0 42 16 0 44 0 38 0 0 26 28 10 0 10 0 0 26 0 22 0 0 0
MVPRP_C25_P9_V2_I4.dat 283 16 24 0 26 53 50 100 44 98 0 26 17 78 70 30 60 0 69 14 52 120 77 12 72 21
MVPRP_C25_P9_V3_I1.dat 0 0 0 0 0 0 0 0 0 0 0 0 0 0 0 0 0 0 0 0 0 0 0 0 0 0
MVPRP_C25_P9_V3_I2.dat 348 0 6 5 18 21 8 40 44 0 19 26 0 26 14 10 0 5 0 14 13 48 11 0 24 0
MVPRP_C25_P9_V3_I3.dat 0 0 0 0 0 0 16 0 22 0 1 0 0 13 1 0 0 0 0 0 0 0 22 0 0 0
MVPRP_C25_P9_V3_I4.dat 0 16 36 25 0 147 55 123 14 56 19 0 75 65 70 0 0 35 0 0 13 32 0 24 48 92
MVPRP_C30_P9_V3_I1.dat 130 22 17 0 11 9 0 17 0 8 0 7 13 7 9 6 18 16 12 8 7 14 5 5 0 0 0 18 0 13 12
MVPRP_C30_P9_V3_I2.dat 220 0 0 0 0 9 0 0 0 8 17 7 0 7 0 0 18 16 12 8 7 14 5 5 0 0 0 18 0 13 0
MVPRP_C30_P9_V3_I3.dat 0 22 17 30 11 9 19 17 22 8 17 14 13 7 9 6 18 29 12 18 7 14 5 5 16 19 16 36 17 26 12
MVPRP_C30_P9_V3_I4.dat 0 44 68 45 11 9 38 39 20 24 17 21 91 28 9 24 54 44 12 40 7 42 15 5 22 133 32 54 51 39 12
MVPRP_C30_P9_V4_I1.dat 0 0 0 0 0 0 0 0 0 0 0 0 0 1 0 0 0 0 0 0 0 0 0 0 0 0 0 0 0 0 0
MVPRP_C30_P9_V4_I2.dat 384 0 0 1 0 18 19 0 11 16 17 14 0 14 9 0 36 32 24 16 14 28 10 10 16 0 16 36 2 26 0
MVPRP_C30_P9_V4_I3.dat 342 44 34 0 22 18 5 34 22 8 17 14 39 7 9 12 18 16 24 16 14 14 5 10 0 0 16 36 0 26 24
MVPRP_C30_P9_V4_I4.dat 0 22 69 0 11 0 19 51 0 32 85 7 39 35 16 12 54 80 0 24 0 84 25 5 11 95 16 18 0 0 0
