ABS1_15_1.DAT 59 10 15 0 7 13 16 0 13 19 0 19 21 19 19
ABS2_15_1.DAT 213 0 0 0 0 0 0 0 0 0 0 19 0 0 0
ABS3_15_1.DAT 
ABS4_15_1.DAT 46 10 15 0 7 13 16 0 13 19 13 19 21 19 19
ABS5_15_1.DAT 449 0 0 0 0 13 0 0 0 0 0 0 0 0 0
ABS6_15_1.DAT 
ABS7_15_1.DAT 368 20 30 0 14 26 32 0 0 0 0 0 42 0 19
ABS8_15_1.DAT 0 0 15 0 7 39 16 0 13 19 0 0 21 19 0
ABS9_15_1.DAT 
ABS10_15_1.DAT 35 10 15 30 7 22 16 22 26 19 22 38 21 40 0
ABS11_15_1.DAT 0 0 0 19 0 0 0 0 0 0 22 19 0 0 57
ABS12_15_1.DAT 
ABS13_15_1.DAT 0 0 0 0 0 0 0 0 0 0 0 0 0 0 0
ABS14_15_1.DAT 460 10 15 0 7 13 16 0 0 0 0 0 21 0 0
ABS15_15_1.DAT 
ABS16_15_1.DAT 46 10 15 15 7 13 16 0 13 19 0 19 21 19 19
ABS17_15_1.DAT 197 10 15 0 7 13 16 0 0 0 0 0 21 0 22
ABS18_15_1.DAT 
ABS19_15_1.DAT 368 20 30 0 14 26 32 0 0 0 13 0 42 0 19
ABS20_15_1.DAT 217 0 15 0 7 13 21 0 13 19 0 38 21 76 0
ABS21_15_1.DAT 
ABS22_15_1.DAT 92 0 15 30 7 13 16 22 26 19 22 38 21 38 0
ABS23_15_1.DAT 0 19 0 15 0 5 0 22 13 0 44 19 0 25 38
ABS24_15_1.DAT 
ABS25_15_1.DAT 0 0 0 0 0 0 0 0 0 0 0 0 0 0 0
ABS26_15_1.DAT 422 0 0 0 0 0 2 0 0 0 0 38 0 0 0
ABS27_15_1.DAT 
ABS28_15_1.DAT 0 10 15 15 7 13 16 22 13 19 22 19 21 19 19
ABS29_15_1.DAT 175 0 0 0 0 13 4 0 0 0 0 19 0 0 19
ABS30_15_1.DAT 
ABS31_15_1.DAT 414 20 0 45 0 0 48 14 0 0 22 57 0 17 57
ABS32_15_1.DAT 0 0 0 15 0 0 0 0 0 0 26 19 0 0 57
ABS33_15_1.DAT 
ABS34_15_1.DAT 736 0 15 0 7 13 64 0 13 19 0 0 21 36 0
ABS35_15_1.DAT 657 0 15 0 7 39 17 0 13 19 0 0 21 19 0
ABS36_15_1.DAT 
ABS37_15_1.DAT 737 20 30 0 14 26 32 0 0 0 0 0 42 0 19
ABS38_15_1.DAT 0 0 0 15 0 0 0 0 13 0 5 19 0 19 0
ABS39_15_1.DAT 
ABS40_15_1.DAT 414 20 0 15 0 0 48 18 0 0 48 57 0 13 57
ABS41_15_1.DAT 657 10 15 0 7 13 16 0 13 0 0 0 21 0 0
ABS42_15_1.DAT 
ABS43_15_1.DAT 736 4 0 0 7 0 16 0 13 19 18 95 21 48 0
ABS44_15_1.DAT 657 20 30 15 0 26 0 8 0 0 22 19 0 20 38
ABS45_15_1.DAT 
ABS46_15_1.DAT 736 0 0 18 7 4 16 0 13 19 0 95 21 48 0
ABS47_15_1.DAT 657 19 0 30 0 5 0 22 13 0 44 19 0 19 38
ABS48_15_1.DAT 
ABS49_15_1.DAT 0 0 0 15 0 0 0 22 0 20 22 19 0 58 38
ABS50_15_1.DAT 467 10 30 15 0 26 17 22 0 0 22 95 0 0 19
ABS51_15_1.DAT 
ABS52_15_1.DAT 0 20 15 0 7 13 16 0 13 19 0 0 21 48 57
ABS53_15_1.DAT 0 20 30 15 0 26 48 0 0 0 34 19 63 0 38
ABS54_15_1.DAT 
ABS55_15_1.DAT 0 0 0 15 0 0 18 22 0 2 22 76 0 76 38
ABS56_15_1.DAT 416 10 15 0 14 13 32 0 26 38 0 57 42 83 19
ABS57_15_1.DAT 
ABS58_15_1.DAT 357 20 30 0 14 26 32 0 26 38 0 57 42 57 19
ABS59_15_1.DAT 0 20 30 0 7 26 74 0 13 19 0 57 21 42 0
ABS60_15_1.DAT 
ABS61_15_1.DAT 57 10 15 30 7 13 16 44 13 39 44 95 21 77 0
ABS62_15_1.DAT 241 0 0 15 14 5 0 22 26 38 22 76 0 61 19
ABS63_15_1.DAT 
ABS64_15_1.DAT 0 0 0 15 0 0 0 22 0 20 22 76 0 58 38
ABS65_15_1.DAT 241 0 8 42 7 13 0 22 13 19 44 38 0 19 57
ABS66_15_1.DAT 
ABS67_15_1.DAT 379 20 30 15 14 39 37 42 26 0 66 0 42 0 19
ABS68_15_1.DAT 0 20 30 15 0 26 48 0 0 0 22 76 63 0 38
ABS69_15_1.DAT 
ABS70_15_1.DAT 357 20 30 0 14 26 32 0 26 38 0 57 42 57 19
ABS71_15_1.DAT 0 20 30 30 0 39 0 22 0 0 43 19 0 53 57
ABS72_15_1.DAT 
ABS73_15_1.DAT 414 20 45 0 14 39 48 0 26 95 0 38 63 38 19
ABS74_15_1.DAT 0 20 30 6 7 26 16 66 13 0 66 0 42 33 38
ABS75_15_1.DAT 
ABS76_15_1.DAT 0 10 45 30 7 39 96 66 13 38 44 76 33 95 57
ABS77_15_1.DAT 416 10 30 0 14 26 48 30 26 57 0 57 42 94 19
ABS78_15_1.DAT 
ABS79_15_1.DAT 94 0 30 41 7 26 32 110 13 95 110 19 42 19 2
ABS80_15_1.DAT 218 0 0 30 7 0 16 132 13 95 110 38 21 76 0
ABS81_15_1.DAT 
ABS82_15_1.DAT 0 10 15 26 0 13 16 88 0 57 88 0 21 0 57
ABS83_15_1.DAT 0 20 30 6 7 39 80 88 13 45 66 0 38 38 48
ABS84_15_1.DAT 
ABS85_15_1.DAT 0 18 15 30 7 13 48 66 13 19 44 76 21 95 57
ABS86_15_1.DAT 657 20 45 24 0 26 64 52 0 95 22 76 0 36 38
ABS87_15_1.DAT 
ABS88_15_1.DAT 0 20 15 30 7 13 64 66 13 38 44 76 21 76 55
ABS89_15_1.DAT 175 0 2 30 7 13 64 88 13 69 44 95 21 19 0
ABS90_15_1.DAT 
ABS91_15_1.DAT 1058 20 15 0 14 33 16 22 26 114 0 38 21 57 19
ABS92_15_1.DAT 657 20 39 15 7 26 16 132 13 0 66 0 21 76 57
ABS93_15_1.DAT 
ABS94_15_1.DAT 94 10 30 45 14 26 64 66 26 38 66 95 42 95 0
ABS95_15_1.DAT 416 10 26 9 14 26 96 30 26 76 0 57 42 100 38
ABS96_15_1.DAT 
ABS1_15_2.DAT 0 16 6 5 9 21 8 20 22 14 19 13 17 13 14
ABS2_15_2.DAT 115 0 0 0 0 0 0 20 22 14 0 13 0 13 0
ABS3_15_2.DAT 
ABS4_15_2.DAT 0 16 6 5 10 21 8 20 22 14 19 13 17 13 14
ABS5_15_2.DAT 350 0 0 0 10 0 8 0 0 0 0 26 0 0 0
ABS6_15_2.DAT 
ABS7_15_2.DAT 273 32 12 10 0 42 16 0 0 0 38 0 34 0 28
ABS8_15_2.DAT 241 32 12 10 4 42 16 0 0 0 38 0 34 14 29
ABS9_15_2.DAT 
ABS10_15_2.DAT 273 32 12 10 0 42 16 0 0 0 38 0 34 0 28
ABS11_15_2.DAT 241 32 12 10 18 42 16 0 0 0 38 0 34 0 29
ABS12_15_2.DAT 
ABS13_15_2.DAT 0 16 6 5 9 21 16 20 22 14 19 13 17 13 17
ABS14_15_2.DAT 225 0 0 0 0 0 0 20 22 14 0 13 0 13 0
ABS15_15_2.DAT 
ABS16_15_2.DAT 269 0 0 0 0 0 0 40 44 0 0 26 0 26 0
ABS17_15_2.DAT 0 0 0 0 0 0 0 0 0 0 0 0 0 0 0
ABS18_15_2.DAT 
ABS19_15_2.DAT 0 16 6 5 18 21 8 40 44 28 19 26 17 26 14
ABS20_15_2.DAT 0 16 6 5 18 21 15 40 44 28 19 26 17 26 24
ABS21_15_2.DAT 
ABS22_15_2.DAT 273 32 12 10 0 42 16 0 0 0 38 0 34 0 28
ABS23_15_2.DAT 218 0 6 5 9 21 0 40 44 0 0 26 0 31 14
ABS24_15_2.DAT 
ABS25_15_2.DAT 0 0 0 0 0 0 0 0 0 0 0 0 0 0 0
ABS26_15_2.DAT 0 0 0 0 0 0 0 0 0 0 0 0 0 0 0
ABS27_15_2.DAT 
ABS28_15_2.DAT 262 48 0 0 9 63 24 60 44 0 0 0 0 39 42
ABS29_15_2.DAT 700 0 0 0 0 0 1 20 22 14 0 13 0 17 1
ABS30_15_2.DAT 
ABS31_15_2.DAT 538 0 6 5 18 84 32 0 0 0 19 13 17 0 56
ABS32_15_2.DAT 228 32 12 10 27 42 16 0 0 0 38 0 34 4 28
ABS33_15_2.DAT 
ABS34_15_2.DAT 538 33 0 0 27 0 0 80 22 14 0 13 0 52 9
ABS35_15_2.DAT 0 16 6 5 18 21 8 40 44 14 19 26 17 26 14
ABS36_15_2.DAT 
ABS37_15_2.DAT 860 0 0 0 0 0 0 40 44 0 0 26 0 26 0
ABS38_15_2.DAT 481 16 6 5 4 21 8 0 0 0 19 0 17 0 14
ABS39_15_2.DAT 
ABS40_15_2.DAT 538 16 0 0 0 0 32 20 22 14 19 13 68 46 0
ABS41_15_2.DAT 459 16 6 5 4 21 24 0 0 0 19 0 17 0 20
ABS42_15_2.DAT 
ABS43_15_2.DAT 224 32 12 10 9 42 16 1 0 0 38 0 34 39 28
ABS44_15_2.DAT 700 16 0 0 0 0 8 40 44 14 0 26 17 26 0
ABS45_15_2.DAT 
ABS46_15_2.DAT 216 48 0 15 27 63 32 60 0 6 0 0 51 41 50
ABS47_15_2.DAT 459 0 18 15 22 63 0 20 22 0 0 13 0 13 49
ABS48_15_2.DAT 
ABS49_15_2.DAT 0 0 0 0 9 0 0 20 22 14 0 13 0 13 0
ABS50_15_2.DAT 235 32 12 10 0 42 16 0 0 42 38 0 68 0 62
ABS51_15_2.DAT 
ABS52_15_2.DAT 0 16 6 5 18 21 8 40 44 28 19 26 17 26 14
ABS53_15_2.DAT 0 0 0 0 9 0 0 20 22 14 0 13 34 17 34
ABS54_15_2.DAT 
ABS55_15_2.DAT 0 16 24 20 18 84 8 40 44 70 19 26 17 65 14
ABS56_15_2.DAT 221 32 12 25 0 105 16 0 0 56 38 0 68 39 28
ABS57_15_2.DAT 
ABS58_15_2.DAT 322 0 30 25 4 105 16 60 0 0 38 0 34 0 28
ABS59_15_2.DAT 459 48 0 0 9 0 24 20 22 70 0 13 85 52 35
ABS60_15_2.DAT 
ABS61_15_2.DAT 0 16 0 0 9 0 24 20 22 14 0 13 51 13 0
ABS62_15_2.DAT 472 48 18 0 9 0 24 20 22 70 0 13 85 13 14
ABS63_15_2.DAT 
ABS64_15_2.DAT 0 0 18 15 9 63 0 20 22 14 0 13 0 13 0
ABS65_15_2.DAT 0 16 6 20 18 84 8 40 44 42 19 26 51 26 14
ABS66_15_2.DAT 
ABS67_15_2.DAT 0 32 6 5 22 21 32 100 44 28 19 26 68 26 14
ABS68_15_2.DAT 0 0 0 15 18 63 0 40 22 28 0 13 34 13 0
ABS69_15_2.DAT 
ABS70_15_2.DAT 0 32 6 5 22 21 32 100 44 28 19 26 68 26 14
ABS71_15_2.DAT 0 9 24 5 18 21 32 40 44 0 19 26 0 65 31
ABS72_15_2.DAT 
ABS73_15_2.DAT 0 16 0 0 18 0 24 80 22 14 0 13 51 13 17
ABS74_15_2.DAT 241 25 30 10 9 42 40 22 0 14 38 0 17 52 84
ABS75_15_2.DAT 
ABS76_15_2.DAT 225 48 12 10 27 42 40 0 0 56 38 0 85 39 28
ABS77_15_2.DAT 0 0 0 15 9 63 0 20 22 28 0 13 34 65 39
ABS78_15_2.DAT 
ABS79_15_2.DAT 0 16 24 20 18 84 16 60 44 84 19 26 17 78 14
ABS80_15_2.DAT 459 48 18 0 18 0 32 20 22 70 0 13 85 52 17
ABS81_15_2.DAT 
ABS82_15_2.DAT 0 32 6 5 27 21 40 120 44 28 19 26 68 39 15
ABS83_15_2.DAT 221 32 12 25 9 105 16 80 0 56 38 0 68 0 67
ABS84_15_2.DAT 
ABS85_15_2.DAT 538 6 30 25 18 126 8 100 22 14 38 13 0 13 70
ABS86_15_2.DAT 0 0 0 15 18 63 0 20 22 28 0 13 34 52 0
ABS87_15_2.DAT 
ABS88_15_2.DAT 0 0 6 5 0 21 24 20 0 28 0 0 34 39 28
ABS89_15_2.DAT 0 16 6 20 18 105 16 71 44 56 19 26 51 78 53
ABS90_15_2.DAT 
ABS91_15_2.DAT 860 16 0 0 23 21 16 60 44 84 0 26 17 78 0
ABS92_15_2.DAT 700 9 24 5 18 21 32 98 44 14 19 26 0 26 31
ABS93_15_2.DAT 
ABS94_15_2.DAT 0 0 6 5 1 42 24 20 0 48 0 0 34 26 28
ABS95_15_2.DAT 0 0 0 15 9 63 8 60 22 42 0 13 34 52 0
ABS96_15_2.DAT 
ABS1_15_3.DAT 0 0 0 0 0 0 0 0 0 0 0 0 0 0 0
ABS2_15_3.DAT 65 22 17 0 11 9 0 17 0 8 0 7 13 7 9
ABS3_15_3.DAT 
ABS4_15_3.DAT 0 22 17 15 11 9 19 17 11 8 17 7 13 7 9
ABS5_15_3.DAT 305 0 0 0 0 18 0 0 0 16 0 14 0 14 0
ABS6_15_3.DAT 
ABS7_15_3.DAT 0 22 17 30 11 9 38 17 22 16 17 14 13 14 18
ABS8_15_3.DAT 267 0 0 30 0 0 38 0 22 16 42 14 0 35 18
ABS9_15_3.DAT 
ABS10_15_3.DAT 0 0 0 0 0 0 1 0 0 8 0 7 0 7 0
ABS11_15_3.DAT 102 44 34 15 22 18 19 34 11 8 0 7 0 7 17
ABS12_15_3.DAT 
ABS13_15_3.DAT 262 0 0 0 22 18 0 0 0 16 0 14 0 14 18
ABS14_15_3.DAT 0 22 17 15 11 18 19 17 11 8 17 7 13 7 9
ABS15_15_3.DAT 
ABS16_15_3.DAT 224 0 0 0 22 18 38 0 0 16 0 14 0 14 18
ABS17_15_3.DAT 341 0 0 0 0 18 0 0 2 16 17 14 2 14 0
ABS18_15_3.DAT 
ABS19_15_3.DAT 294 44 34 0 22 18 0 34 0 0 34 0 26 0 0
ABS20_15_3.DAT 241 44 34 0 22 18 11 47 0 0 51 0 26 21 0
ABS21_15_3.DAT 
ABS22_15_3.DAT 126 66 51 0 33 27 36 51 0 32 52 28 39 28 0
ABS23_15_3.DAT 0 22 17 30 11 9 38 30 22 40 34 35 13 14 18
ABS24_15_3.DAT 
ABS25_15_3.DAT 284 0 0 0 0 18 0 0 0 16 0 14 0 14 18
ABS26_15_3.DAT 652 0 0 15 0 0 19 0 11 8 0 7 0 7 9
ABS27_15_3.DAT 
ABS28_15_3.DAT 770 22 17 0 11 9 0 17 0 16 0 14 0 16 18
ABS29_15_3.DAT 128 44 34 0 22 18 0 34 0 16 22 14 0 14 18
ABS30_15_3.DAT 
ABS31_15_3.DAT 0 0 0 0 0 0 0 0 0 8 1 7 0 7 0
ABS32_15_3.DAT 851 22 17 0 11 9 0 23 0 0 17 0 13 0 0
ABS33_15_3.DAT 
ABS34_15_3.DAT 0 22 17 15 11 9 19 17 11 16 18 14 13 14 9
ABS35_15_3.DAT 0 24 17 15 11 9 38 17 11 16 18 14 13 14 18
ABS36_15_3.DAT 
ABS37_15_3.DAT 320 0 0 0 0 0 0 0 0 16 0 21 0 14 0
ABS38_15_3.DAT 384 22 17 0 11 27 0 17 0 32 17 28 13 0 0
ABS39_15_3.DAT 
ABS40_15_3.DAT 0 22 17 15 11 9 19 17 11 8 17 14 13 7 9
ABS41_15_3.DAT 128 44 34 0 22 18 0 34 0 16 22 14 0 14 18
ABS42_15_3.DAT 
ABS43_15_3.DAT 770 22 17 0 11 9 0 51 22 0 0 0 13 0 18
ABS44_15_3.DAT 369 11 51 15 0 0 23 51 11 0 51 28 0 28 0
ABS45_15_3.DAT 
ABS46_15_3.DAT 0 44 34 30 22 18 38 34 22 24 34 21 26 21 19
ABS47_15_3.DAT 369 0 0 15 0 0 53 0 11 32 85 28 39 28 9
ABS48_15_3.DAT 
ABS49_15_3.DAT 0 0 0 15 0 0 19 0 11 32 0 28 0 28 9
ABS50_15_3.DAT 0 22 17 0 11 9 0 17 0 24 8 21 13 0 0
ABS51_15_3.DAT 
ABS52_15_3.DAT 0 22 17 30 11 9 38 17 22 16 17 14 13 14 18
ABS53_15_3.DAT 0 22 17 0 11 9 0 17 0 24 8 21 13 0 0
ABS54_15_3.DAT 
ABS55_15_3.DAT 0 88 0 0 0 0 22 68 0 24 17 21 13 21 0
ABS56_15_3.DAT 0 0 51 15 0 0 76 2 11 8 59 7 65 7 9
ABS57_15_3.DAT 
ABS58_15_3.DAT 0 22 51 0 11 9 0 17 0 0 20 0 52 0 0
ABS59_15_3.DAT 0 22 68 0 11 9 0 19 0 24 8 21 26 21 4
ABS60_15_3.DAT 
ABS61_15_3.DAT 294 44 34 0 22 18 0 34 0 0 34 0 26 0 0
ABS62_15_3.DAT 215 44 34 0 22 18 0 47 0 24 42 21 52 0 0
ABS63_15_3.DAT 
ABS64_15_3.DAT 294 44 34 0 22 18 0 34 0 0 34 0 26 0 0
ABS65_15_3.DAT 241 0 0 30 0 0 38 0 22 40 21 35 52 35 18
ABS66_15_3.DAT 
ABS67_15_3.DAT 0 66 17 15 11 9 40 51 11 8 34 28 26 28 18
ABS68_15_3.DAT 219 110 34 0 22 18 0 34 0 24 42 21 52 21 0
ABS69_15_3.DAT 
ABS70_15_3.DAT 0 88 34 30 22 18 59 68 22 16 51 35 39 35 27
ABS71_15_3.DAT 154 22 68 30 11 9 38 19 22 40 0 35 0 35 18
ABS72_15_3.DAT 
ABS73_15_3.DAT 0 88 51 30 22 18 57 68 22 16 51 14 52 14 27
ABS74_15_3.DAT 0 88 17 0 11 18 57 68 0 0 33 0 78 7 5
ABS75_15_3.DAT 
ABS76_15_3.DAT 0 66 34 15 11 9 50 51 11 8 34 7 39 14 18
ABS77_15_3.DAT 0 22 68 0 11 9 57 45 0 0 33 0 65 0 5
ABS78_15_3.DAT 
ABS79_15_3.DAT 268 44 17 30 0 0 95 0 22 40 51 35 39 42 27
ABS80_15_3.DAT 369 0 68 30 11 0 95 37 22 16 9 14 13 21 18
ABS81_15_3.DAT 
ABS82_15_3.DAT 770 22 102 0 11 9 38 17 22 40 0 35 13 42 0
ABS83_15_3.DAT 241 0 68 30 0 0 95 51 22 16 68 14 65 21 18
ABS84_15_3.DAT 
ABS85_15_3.DAT 770 22 102 0 11 9 0 17 22 40 0 35 13 42 0
ABS86_15_3.DAT 130 88 51 0 22 18 95 68 0 24 85 21 39 28 27
ABS87_15_3.DAT 
ABS88_15_3.DAT 0 88 51 30 22 18 57 68 22 16 59 14 52 21 27
ABS89_15_3.DAT 0 66 34 30 11 9 76 46 22 16 42 14 78 21 18
ABS90_15_3.DAT 
ABS91_15_3.DAT 448 0 85 15 0 12 95 0 11 32 77 28 78 14 27
ABS92_15_3.DAT 610 88 0 30 0 0 19 43 22 40 17 35 26 35 22
ABS93_15_3.DAT 
ABS94_15_3.DAT 0 44 0 0 0 0 57 34 0 0 25 0 26 0 9
ABS95_15_3.DAT 0 66 34 30 11 9 76 20 22 16 68 14 39 21 18
ABS96_15_3.DAT 
ABS1_15_4.DAT 340 16 0 0 0 0 22 0 0 0 0 44 0 0 0
ABS2_15_4.DAT 381 8 0 0 0 0 11 0 0 0 0 22 0 0 0
ABS3_15_4.DAT 
ABS4_15_4.DAT 0 8 7 6 14 18 11 15 20 23 14 22 9 21 24
ABS5_15_4.DAT 0 0 0 0 0 0 0 0 0 0 0 0 0 0 0
ABS6_15_4.DAT 
ABS7_15_4.DAT 297 16 0 0 0 0 22 30 40 46 0 44 0 0 0
ABS8_15_4.DAT 381 0 0 6 13 0 0 30 40 46 0 0 0 11 0
ABS9_15_4.DAT 
ABS10_15_4.DAT 0 0 7 6 6 0 0 0 0 0 0 0 9 21 24
ABS11_15_4.DAT 0 8 7 12 26 18 11 0 0 0 0 22 0 1 0
ABS12_15_4.DAT 
ABS13_15_4.DAT 0 16 7 6 13 18 22 15 20 23 14 44 9 21 24
ABS14_15_4.DAT 129 16 7 0 0 0 22 15 20 23 0 44 9 0 24
ABS15_15_4.DAT 
ABS16_15_4.DAT 297 0 0 12 26 0 0 30 40 46 0 0 0 12 0
ABS17_15_4.DAT 0 8 0 12 26 18 11 0 0 0 0 22 0 1 0
ABS18_15_4.DAT 
ABS19_15_4.DAT 0 0 7 6 13 0 0 0 0 0 0 0 9 21 24
ABS20_15_4.DAT 28 8 7 6 13 18 44 30 40 46 0 22 9 31 24
ABS21_15_4.DAT 
ABS22_15_4.DAT 0 8 14 12 26 18 11 15 20 23 14 22 18 42 48
ABS23_15_4.DAT 0 0 0 18 39 14 0 15 20 23 14 0 0 73 0
ABS24_15_4.DAT 
ABS25_15_4.DAT 403 0 0 6 13 0 0 0 0 0 0 0 0 0 0
ABS26_15_4.DAT 1014 0 0 6 0 0 0 15 20 0 0 0 0 0 0
ABS27_15_4.DAT 
ABS28_15_4.DAT 320 0 0 18 39 54 33 0 0 0 28 6 0 63 72
ABS29_15_4.DAT 14 8 7 6 13 18 11 15 20 23 0 22 9 21 24
ABS30_15_4.DAT 
ABS31_15_4.DAT 930 0 0 6 13 0 0 30 40 46 0 0 0 0 1
ABS32_15_4.DAT 0 8 7 0 13 0 22 0 0 0 0 22 0 21 0
ABS33_15_4.DAT 
ABS34_15_4.DAT 258 0 14 0 52 0 44 45 11 69 2 0 27 72 72
ABS35_15_4.DAT 762 16 14 0 0 0 0 15 20 23 0 44 9 0 34
ABS36_15_4.DAT 
ABS37_15_4.DAT 938 0 0 12 0 0 0 30 40 46 0 0 0 0 0
ABS38_15_4.DAT 518 8 7 6 13 18 33 0 0 0 0 22 0 8 0
ABS39_15_4.DAT 
ABS40_15_4.DAT 594 8 7 0 0 0 44 15 20 23 0 28 9 0 96
ABS41_15_4.DAT 510 24 7 6 13 18 33 0 0 0 0 22 0 0 0
ABS42_15_4.DAT 
ABS43_15_4.DAT 930 16 0 0 0 18 11 30 40 46 0 44 0 0 0
ABS44_15_4.DAT 762 8 7 0 0 0 11 30 40 46 0 22 9 0 26
ABS45_15_4.DAT 
ABS46_15_4.DAT 0 0 0 0 13 0 11 0 0 0 0 0 0 16 0
ABS47_15_4.DAT 1014 16 14 6 13 18 22 0 0 0 0 44 0 21 4
ABS48_15_4.DAT 
ABS49_15_4.DAT 0 0 7 0 6 18 33 0 0 0 0 0 9 21 24
ABS50_15_4.DAT 0 8 7 12 13 18 11 45 0 0 2 22 0 0 0
ABS51_15_4.DAT 
ABS52_15_4.DAT 0 0 7 0 6 18 33 0 0 0 0 0 9 21 24
ABS53_15_4.DAT 494 0 0 6 0 0 0 30 40 46 0 0 0 9 48
ABS54_15_4.DAT 
ABS55_15_4.DAT 297 0 0 0 0 54 33 75 40 115 0 0 0 0 48
ABS56_15_4.DAT 28 32 14 12 39 18 11 30 40 115 0 22 18 61 49
ABS57_15_4.DAT 
ABS58_15_4.DAT 0 16 7 12 26 90 55 15 20 23 14 44 9 24 96
ABS59_15_4.DAT 0 24 7 6 26 0 0 15 20 92 14 0 9 42 24
ABS60_15_4.DAT 
ABS61_15_4.DAT 0 8 0 6 13 72 44 0 0 0 0 22 0 3 24
ABS62_15_4.DAT 216 32 7 6 0 0 44 30 40 115 0 22 9 21 24
ABS63_15_4.DAT 
ABS64_15_4.DAT 0 16 7 12 26 90 55 15 20 23 14 44 9 24 48
ABS65_15_4.DAT 0 8 0 6 13 72 44 45 0 0 28 22 0 25 0
ABS66_15_4.DAT 
ABS67_15_4.DAT 0 32 0 6 13 18 11 45 0 69 0 22 0 42 0
ABS68_15_4.DAT 0 24 7 6 26 0 0 15 20 92 14 0 9 42 24
ABS69_15_4.DAT 
ABS70_15_4.DAT 0 40 7 12 26 36 22 60 20 92 14 44 9 63 24
ABS71_15_4.DAT 279 40 0 18 52 36 22 45 0 0 0 44 9 84 72
ABS72_15_4.DAT 
ABS73_15_4.DAT 0 8 14 12 52 72 44 30 40 46 14 22 9 21 144
ABS74_15_4.DAT 230 32 14 12 0 18 11 30 40 115 1 22 18 36 120
ABS75_15_4.DAT 
ABS76_15_4.DAT 0 16 14 6 52 72 44 30 40 46 14 22 9 21 144
ABS77_15_4.DAT 468 24 0 12 13 108 55 0 0 69 14 44 0 58 72
ABS78_15_4.DAT 
ABS79_15_4.DAT 0 8 7 0 39 72 33 15 20 23 0 0 0 21 120
ABS80_15_4.DAT 0 8 7 0 65 54 33 15 20 92 28 0 9 123 48
ABS81_15_4.DAT 
ABS82_15_4.DAT 0 24 7 6 0 18 0 60 20 92 14 0 9 63 48
ABS83_15_4.DAT 278 24 0 12 52 108 55 0 0 69 0 44 9 84 72
ABS84_15_4.DAT 
ABS85_15_4.DAT 0 16 14 18 39 72 33 75 40 46 28 44 18 105 96
ABS86_15_4.DAT 264 0 14 0 52 54 33 30 40 115 16 0 22 84 0
ABS87_15_4.DAT 
ABS88_15_4.DAT 0 0 0 6 13 18 33 0 0 46 0 0 0 42 72
ABS89_15_4.DAT 6 24 14 18 39 54 22 15 20 92 8 44 18 21 144
ABS90_15_4.DAT 
ABS91_15_4.DAT 595 32 7 12 0 0 0 60 20 23 28 22 27 105 120
ABS92_15_4.DAT 762 16 14 6 0 90 44 30 40 115 0 22 27 0 24
ABS93_15_4.DAT 
ABS94_15_4.DAT 0 30 0 6 13 36 11 45 0 0 0 0 0 63 72
ABS95_15_4.DAT 258 48 14 12 52 72 55 0 0 69 14 44 27 0 48
ABS96_15_4.DAT 
ABS1_15_5.DAT 311 0 0 0 30 12 1 0 0 0 0 0 10 30 0
ABS2_15_5.DAT 153 0 0 0 15 6 0 0 0 0 0 0 5 15 0
ABS3_15_5.DAT 
ABS4_15_5.DAT 0 13 18 16 15 6 22 12 9 17 11 16 5 15 19
ABS5_15_5.DAT 366 0 0 0 0 0 0 12 0 0 0 0 10 0 0
ABS6_15_5.DAT 
ABS7_15_5.DAT 0 0 0 0 0 0 6 12 0 0 0 0 0 0 0
ABS8_15_5.DAT 0 13 0 19 0 0 0 12 0 34 0 0 0 0 19
ABS9_15_5.DAT 
ABS10_15_5.DAT 0 0 0 0 0 0 0 12 0 0 0 0 0 0 0
ABS11_15_5.DAT 150 0 18 0 15 6 22 24 9 0 11 16 5 15 0
ABS12_15_5.DAT 
ABS13_15_5.DAT 288 0 0 0 30 12 18 0 0 0 0 0 10 30 0
ABS14_15_5.DAT 216 0 18 0 0 0 25 0 9 0 11 0 0 0 0
ABS15_15_5.DAT 
ABS16_15_5.DAT 17 13 18 16 15 6 22 12 9 0 11 16 11 15 19
ABS17_15_5.DAT 300 0 36 0 0 0 44 0 0 0 22 0 0 5 0
ABS18_15_5.DAT 
ABS19_15_5.DAT 0 0 0 0 15 6 0 2 0 0 0 0 5 15 0
ABS20_15_5.DAT 159 0 36 0 15 6 44 12 18 0 22 16 5 15 0
ABS21_15_5.DAT 
ABS22_15_5.DAT 0 13 18 16 30 12 22 12 9 17 11 16 10 30 19
ABS23_15_5.DAT 0 0 0 18 15 6 4 12 0 34 0 16 25 23 38
ABS24_15_5.DAT 
ABS25_15_5.DAT 0 0 0 0 0 0 0 0 0 0 0 0 0 0 0
ABS26_15_5.DAT 347 0 0 0 15 6 0 0 0 0 0 0 5 15 0
ABS27_15_5.DAT 
ABS28_15_5.DAT 0 13 18 16 15 6 22 12 9 17 11 16 5 15 19
ABS29_15_5.DAT 0 0 0 0 0 0 0 0 0 0 0 0 0 0 0
ABS30_15_5.DAT 
ABS31_15_5.DAT 0 13 18 16 15 6 22 12 9 17 11 16 5 15 19
ABS32_15_5.DAT 84 0 18 0 30 12 22 12 9 0 11 16 10 30 0
ABS33_15_5.DAT 
ABS34_15_5.DAT 0 13 18 16 15 6 22 24 9 17 11 16 5 15 19
ABS35_15_5.DAT 84 0 18 0 30 12 22 12 9 0 11 16 10 30 0
ABS36_15_5.DAT 
ABS37_15_5.DAT 599 13 18 16 15 6 22 12 9 0 11 16 5 15 19
ABS38_15_5.DAT 948 0 0 0 15 6 0 0 0 0 0 0 5 15 0
ABS39_15_5.DAT 
ABS40_15_5.DAT 34 26 36 32 30 12 44 24 18 0 22 32 10 30 38
ABS41_15_5.DAT 732 0 18 0 0 0 25 0 9 0 11 0 0 0 0
ABS42_15_5.DAT 
ABS43_15_5.DAT 51 26 36 35 30 12 55 48 18 0 22 32 20 60 38
ABS44_15_5.DAT 0 13 0 16 30 15 20 0 0 17 0 0 10 30 19
ABS45_15_5.DAT 
ABS46_15_5.DAT 0 13 18 19 15 6 33 36 9 34 11 16 15 45 19
ABS47_15_5.DAT 948 13 0 16 30 12 20 0 0 17 0 0 10 30 19
ABS48_15_5.DAT 
ABS49_15_5.DAT 0 0 0 19 15 6 0 0 0 34 0 0 5 15 0
ABS50_15_5.DAT 375 0 18 0 30 12 22 24 9 0 11 32 10 30 0
ABS51_15_5.DAT 
ABS52_15_5.DAT 51 26 36 35 60 12 47 48 18 0 22 32 20 38 38
ABS53_15_5.DAT 216 26 18 32 0 0 22 0 9 34 11 0 3 0 38
ABS54_15_5.DAT 
ABS55_15_5.DAT 0 13 18 64 0 0 22 0 9 34 11 0 0 15 25
ABS56_15_5.DAT 216 26 18 32 0 0 39 12 13 51 11 64 0 0 38
ABS57_15_5.DAT 
ABS58_15_5.DAT 17 13 36 16 75 12 44 48 18 0 22 32 25 30 19
ABS59_15_5.DAT 102 26 36 80 15 6 44 36 18 0 22 48 5 15 53
ABS60_15_5.DAT 
ABS61_15_5.DAT 288 26 54 32 0 3 66 0 27 34 33 0 0 0 38
ABS62_15_5.DAT 318 26 0 80 60 12 0 0 0 17 0 32 20 30 56
ABS63_15_5.DAT 
ABS64_15_5.DAT 17 13 36 16 75 12 44 48 18 0 22 32 25 30 19
ABS65_15_5.DAT 0 0 18 48 30 0 22 12 9 85 11 0 10 0 18
ABS66_15_5.DAT 
ABS67_15_5.DAT 0 26 18 32 60 6 56 48 9 51 55 16 20 15 38
ABS68_15_5.DAT 0 0 0 48 15 6 0 48 0 85 22 64 5 15 6
ABS69_15_5.DAT 
ABS70_15_5.DAT 322 0 0 48 75 12 0 60 0 17 0 32 25 30 6
ABS71_15_5.DAT 207 26 18 32 0 0 59 48 9 51 11 64 0 0 38
ABS72_15_5.DAT 
ABS73_15_5.DAT 288 26 54 61 0 0 66 0 27 34 55 48 0 0 38
ABS74_15_5.DAT 313 0 54 0 45 12 66 48 27 17 55 64 10 30 0
ABS75_15_5.DAT 
ABS76_15_5.DAT 288 26 54 48 0 0 66 0 27 46 55 48 0 33 51
ABS77_15_5.DAT 0 13 36 16 60 0 44 0 18 85 22 0 15 60 19
ABS78_15_5.DAT 
ABS79_15_5.DAT 0 13 0 16 45 0 16 36 18 17 44 0 15 39 19
ABS80_15_5.DAT 102 26 54 48 75 12 66 12 27 0 33 16 20 75 38
ABS81_15_5.DAT 
ABS82_15_5.DAT 12 13 54 80 30 18 50 24 9 68 11 80 10 30 25
ABS83_15_5.DAT 0 13 31 80 15 0 66 36 9 34 55 48 0 33 38
ABS84_15_5.DAT 
ABS85_15_5.DAT 300 13 0 80 90 18 22 60 0 68 0 48 25 90 38
ABS86_15_5.DAT 948 0 18 16 75 12 22 24 9 68 11 32 25 69 0
ABS87_15_5.DAT 
ABS88_15_5.DAT 588 0 18 16 75 18 44 60 18 12 44 16 25 57 0
ABS89_15_5.DAT 300 26 54 48 15 12 66 48 27 17 33 64 0 21 38
ABS90_15_5.DAT 
ABS91_15_5.DAT 0 13 18 48 45 12 22 24 18 63 11 64 10 30 19
ABS92_15_5.DAT 102 26 36 96 60 6 44 12 18 0 44 16 15 27 44
ABS93_15_5.DAT 
ABS94_15_5.DAT 12 26 36 48 60 12 66 48 27 39 55 32 20 42 57
ABS95_15_5.DAT 300 26 36 96 45 6 44 0 0 35 44 0 15 27 44
ABS96_15_5.DAT 
